ppo
14.539030401153141
35.823886303835316
90.17420233482495
201.93500711023808
289.35737236440184
340.4226552540064
502.5912754154205
802.1682493710518
927.3594795227051
996.10595307827
1112.441460930109
1040.6622161906957
1276.2099057668447
1150.0369675588609
1251.6178251588344
1225.8909792339803
1187.0768831324576
1129.5662601530553
616.4012779062241
652.8338538783788
924.1045407360792
993.6598447501659
992.3458009040355
994.2421503412723
1047.7270732057095
1094.595958621502
1160.8382144191862
1204.6480244010686
1222.5118644928932
1298.9473103755713
1253.627209135294
1308.7858968675137
1351.1931400585174
1352.1604382705689
1075.7983869981765
1110.2969922566415
1032.882987575531
1166.464609436989
1206.0302176618577
1098.440768893957
1027.2653481325508
1151.6909090059996
1241.0067635703087
1155.521892453432
1183.0188852357865
1208.4169979345797
1030.602006161213
958.0196328145265
1116.1417097667604
1247.3168302315473
1251.3872859025003
1186.9385222166777
1266.1712141662836
1125.504665686637
978.1641106975079
1062.8438920497895
1020.8955551183224
1177.6793334615231
1053.6914837521315
992.5063283491135
1234.5562781214715
1132.9146869534254
1021.787505993247
1067.4945669490098
975.2277404737473
986.0251491045951
1085.9535533559322
942.475353256315
1084.542413764596
1008.1156416201592
1064.269791237116
1165.1497555279732
1006.22345528543
930.3976850903034
988.1605724060536
1020.1309686559439
977.1526233410835
916.726089681387
933.8999377682806
990.4086219078303
973.5506943488122
964.2168289548158
1000.1602514344454
897.178241173625
941.5334697955847
799.1164722108841
900.5361386561394
912.0452226877212
292.7112784572132
239.01449897021055
273.74835946023467
331.589635842368
414.15774097673597
500.3608478307724
505.72353352069854
541.5981139302254
542.3909047621488
443.9336551659741
498.7451828426123
478.1162956261635
538.7988728618994
556.4532866702881
558.858206114769
559.3169018799067
549.5826411521434
644.220417958498
634.3401017445326
592.434061191231
621.6388308420777
558.8426757869124
391.790719774235
336.46661787113175
336.9681529240508
336.7249642086588
351.20464719548823
429.6393720418215
432.1970702153444
442.74283494621517
460.0043720084429
564.5610160452128
604.222278944254
344.27001563072207
468.67958553195
593.7954216265679
595.7134855461121
668.8978790712357
689.3041152620316
786.1376594626904
744.07496704638
843.3304173982143
1026.4187265336514
924.7214714115858
952.9895042991639
1018.7689963121712
1055.1920503437518
1004.0089385455847
821.5567386543751
799.8040670931339
996.6853564673662
1035.1146075135468
948.1830323415994
832.7040290737152
927.7185352373123
968.7047632569074
1036.6113179004192
1018.4098653894663
944.0921122777462
897.09196613729
869.2115727061033
896.9203337204457
1035.3840888500213
1092.369175348878
1006.3842546731233
990.7681366664171
871.9346578210592
733.3654885476827
733.818720188737
690.2026740473509
822.0968489122391
955.5378460228443
807.2933427810669
829.2508571118117
878.532046687603
881.8551983624697
1013.9198428690434
948.6447995173932
1052.6054739826918
962.6331997740268
954.3076446741819
951.9686136168242
938.6986264926195
1020.1649406129122
933.8859664177894
901.4170291227102
910.74116966784
856.722761886716
854.8709863072634
1003.6696820420027
1019.5866715461016
932.2088938963414
1102.3928651338815
1100.449929535389
1041.4837487594784
1019.2192187708616
1200.70253682971
1091.445572449565
1013.4601567274332
897.5296202236414
1024.7566833633184
1172.5066253864766
948.3415010297299
875.0728915840388
664.5707937198878
694.9066589528322
737.5518899166584
920.8510999947787
863.3075680297613
860.1200567632914
893.3620443689823
778.8792398542166
549.3099643057585
540.8615915989876
592.7402523839473
716.9623893219233
909.2694701474906
932.330114338398
933.7638025915622
990.8175379925966
1009.5319727569819
942.1650136554241
917.2926577985287
986.0964988791943
968.3424162042141
991.9523882430792
730.6857175189257
892.1268566852808
897.3800532823801
937.5964087802172
956.8050975978374
875.4269162815809
851.718054794073
885.2246427887678
938.2405175632239
951.9642348968982
1005.2073795837164
932.5881943124533
1044.6163536310196
