ppo
14.503106525245821
29.392734584403225
64.35816656917333
124.69162922829389
170.64224470376968
204.14862443745136
296.05885388970376
321.20086032569407
379.22640301644805
528.4447375893593
597.0012619167567
640.9105576527119
683.7663544207811
875.9936850112676
1014.3154133957624
1157.2948471915722
1177.2491960990428
1138.1392738622426
1136.9646733099223
1180.6269231468439
1130.0256230503321
1166.019687782526
1227.7659922248124
1142.867346817851
1218.7031701016426
1195.0919895762206
1148.4125391197203
1059.75206807971
1312.903113757372
1223.2059066951274
1082.2909540444612
1289.7216946697235
1104.3916424703598
1115.0644231402873
1025.378595404625
1294.221688169241
915.9261089229584
1132.770604687929
1084.3886141061782
1048.7894420289992
1241.7869579792023
1258.9631920945644
1285.2551957833766
1043.4272151541709
1294.7581088542938
1321.6234582448005
1290.1475253129006
1219.5466455578803
1163.8366345262527
941.6456572556496
1078.0010991847514
1103.8271618676185
1228.796560703516
1242.3148337900639
1147.151310173273
907.4912048494816
1004.4816733346879
1151.3937073493005
1157.4641827762127
1258.732966697216
1276.6476511907576
1254.9831821393966
1261.159979532957
1332.7448106610775
1250.5891458797455
1256.8294399499894
1151.8329320201278
1240.951519650221
1105.3890273845195
1253.6579565489292
1280.6266414177417
1100.8033986479882
1332.9751812523602
1192.8796515154838
1108.2835490627774
1414.7192945241927
1254.2631886607408
1119.0509798563644
1146.2518916204572
