ppo
15.538220502981021
40.21541542373016
88.08888304525637
159.11638905733824
212.30191155433656
290.56243773460386
362.99538474977015
582.6273231196403
758.9906577551365
1063.8811632084846
1107.786078891158
1357.6416662973165
1301.1030906593799
1310.3435911941529
1236.3018435251713
1278.053404058814
1175.5398812311887
1384.6788232845067
1458.250020480752
1385.9928055912255
952.8565907031298
1347.7555494368075
1468.1840191930532
1369.3838369220496
1468.889563357234
1441.4130056220292
1461.1491780346632
1423.5537520110606
1219.7002621489764
1466.0996579295397
1461.2248444747925
1331.3334919947386
1410.2683162617684
1357.4684047830106
1434.447919821739
1400.184472683072
1470.0142524915934
1497.9950899964572
1424.4941251039504
1285.16291793406
1278.731178148985
1392.8652173489331
1579.4070091563462
1476.066306731701
1552.5749230718613
1348.8772520017624
1488.5645895123482
1446.8031900203227
1249.751709049344
1413.1377977764607
1386.4964280688762
1313.5577382957936
1374.975127772689
1441.7925653475522
1360.913017257452
1062.8454210317134
725.4040553236008
1367.4980892181397
1384.015911823511
1484.9246766859294
1260.3043429225684
768.1937851810455
1237.5408428317307
1232.273687006831
1341.6114555686713
1379.3064939314127
1272.9534023427964
1337.1418422007562
1405.9242476952077
1494.0088382452727
1465.546662670374
1440.3349535155296
1544.701329547763
1511.325326138735
1454.0682493263482
1447.223808297515
1351.2061403757334
1583.1904616421461
1327.933440734148
1460.1310599654912
1414.4454991960527
1401.028221681714
1195.2152924865484
1035.4617646438628
699.1594983903971
761.977773347497
844.0163889646531
942.3992304784059
995.4847887170315
1000.3780650925636
1182.6068908637762
1209.4471223545074
1369.9642434859277
1307.7413315236568
1142.1097492814065
1292.2464938950538
1314.3625810450314
1014.7319546401501
1215.9257989305258
1243.395576146841
1321.8788788551092
1226.554785939455
1357.3497494143248
1141.8361119401454
1095.0447370660304
1243.7621043479442
1286.9326868993044
1418.4345438200235
1353.2528732931614
583.5783368605375
1238.2310216760636
1231.1235405778884
1353.7601724022627
1349.7291809260846
1381.7843002700806
1243.4207841658592
1386.971173695326
1375.570602965951
1080.6988796669245
1162.5487665897608
1325.725262505412
1333.7337402373553
1429.4777162462474
1378.757495134473
1474.5880299419164
1427.0801075345278
1209.5998159605265
1042.892916956544
1407.2034391981363
1378.0984884107113
1373.3619177514315
1241.2089558804034
1435.9882665151358
1369.300722488761
1178.317067207694
1254.1580831205845
1441.1464265370369
716.5296691149473
1079.622751762271
1264.3363296592236
1384.314300842285
1408.758526970148
1131.9506017160415
193.0229364323616
266.4957848507166
794.2069383180142
1288.5046438515187
1148.3026518058778
697.2577417945862
326.6025606375933
361.605848018527
517.6597902721167
1225.4693386542797
1216.9553915321826
1167.846144760847
1094.1259396201372
1232.7503276097775
783.7411546957493
1000.3306771183014
980.0144370496273
1065.1115521270037
1172.3291929078102
1161.980280509591
1268.3152566379308
1202.4640410679579
1083.9154948455096
1150.1412615329027
1243.5761777639389
930.3168355041743
845.8646075853935
