rewards_actorcritic
-2.794484468260489
-3.126216985498945
-3.0388248156612776
-3.276960183115098
-2.3380878527893207
-1.4378744055363761
0.3081563132116178
0.4857951897172028
4.272206949032178
0.7054751892220693
-0.03595969341220632
1.1695689637380529
4.0381703504218445
4.207305913352255
3.9398786841390914
4.535679696819113
5.006498798039641
5.078383239232485
4.848966489162539
4.4749245769113735
4.441534790546424
4.401526953309013
4.5518881046597555
5.553756659082474
5.02469594227014
8.171704439759997
8.075684209938693
7.3176006804655955
6.200813525535587
15.520349919119221
26.996731273130113
40.61974005259184
96.90990027232874
39.69324006835261
72.86532861993713
93.8547647723287
87.12338950558718
140.81453000714478
154.0316164405427
177.6662522694005
227.983091358658
283.615525092583
391.92157864824526
364.3646268046905
364.7061980763382
356.8384330684575
395.64093402506745
450.71844343262967
444.3376678059755
479.6311295545705
267.8100247058599
427.61378699876377
451.0884624826486
424.91988870980646
320.42225826965364
437.3339660644099
446.87198066714524
468.6882407011032
476.98773775752653
486.0222903977865
469.6260602644366
465.10519779220044
410.81245398950637
480.2875475738423
493.9514285150292
494.06141663080723
508.98405268925706
478.09263852283976
449.72493349558346
449.3534067332491
489.5403947111822
473.0096052604771
446.2367266335879
340.496750035807
350.9165608719815
391.2118807196806
422.68355913653954
355.43300053904335
309.5952901494586
387.4188635816982
333.3284020873868
320.4507457572319
380.1560331164715
348.1578377730353
402.920146296691
394.7377994484183
410.05509163329174
332.9049009741286
476.4275564554012
418.0224802340688
333.49120693183386
336.5997163055266
372.3867086187319
377.79622749113884
349.22333882491625
418.37330582480433
344.83562108593543
384.8006477653547
422.45645950366423
333.84676276655233
351.5154387122646
361.7474877164684
350.6518210979033
403.6384717296045
473.5095289051246
429.1811521933152
478.84203490105057
442.8137223740853
388.6463186113516
366.10765027552696
400.1197737945086
471.24964767257893
445.06355818156896
417.3697174627283
432.7361490512511
392.7504891939043
342.89178802410896
353.7095443067827
368.32548422217826
350.0441462140851
349.81267584367083
335.1220816852993
304.62031223856354
214.85703567395015
359.93531297291594
328.48119883598775
426.7828814552132
466.0459296461848
482.83849617102527
491.20263811872377
488.0137857856023
514.0036125935826
498.5928136804652
538.7865566574085
508.14702104749966
451.25940514035284
421.80258570590036
391.6777369991481
369.1121222690904
356.0818868561299
