ppo
15.964624201334226
25.252410956306267
36.02840939643793
72.96171732599846
114.59297516359248
167.04107331752778
216.8137573558092
269.64605137228966
305.5775636392832
332.6446684920788
340.8459720468521
476.70809510588646
743.5453950995206
882.8407847261428
1014.584796949625
993.7208972668648
1116.8969649434089
1145.6430135840178
1257.9479216450452
1285.2826565140485
1254.1365419977903
1046.609564151168
1128.2955813622475
1300.3355553084612
1285.42072819829
1283.9052097934484
1344.2812216949462
1335.4749601387978
1329.4639472699166
1378.5412509644032
1343.5529932844638
1455.1905356818438
1384.973161790371
1424.0502817064523
1493.1434551906586
1461.8982884693146
1537.407936014533
1458.8560072785615
1535.0358521395922
1526.5390220850707
1562.9419505935907
1484.7570336163044
1373.7001988714933
1482.6958448326588
1630.9761335974931
1505.2217032450437
1546.3281783550979
1587.3979524481297
1542.2631365197897
1566.6743934541942
1439.9970217055081
1434.5807471174003
1509.0142688310145
1419.5872815954685
1547.0501069754362
1566.677214807868
1599.6428874212504
1549.1494416612386
1445.3054882842303
1560.2291105145216
1439.2790694606304
1438.982862677574
1423.249493469596
1400.9219804060458
1220.823938666582
1169.4898541063071
1274.2141514068842
1412.627080541253
1474.5638657480479
1431.7234343355894
1551.024371292591
1468.3747602123021
1442.575271267295
1433.4447935289145
1492.2826312255859
1344.9761799454689
1339.469275599718
1449.9890237760544
1353.2285419738294
1300.549898958206
1382.2270457994937
1448.22203966856
1480.4012136769295
1393.1692904275656
1256.542312656045
1346.2554931390287
1399.4743114733697
1206.7086984193324
1248.817884351015
1416.8667979454995
1434.0460686028005
1323.6845895493032
1244.4162762629985
1335.5028051865102
1343.5741402924061
1443.2231719434262
1304.7673747575284
1410.9840379583836
1434.2613823258878
1395.2617858195306
1435.5290609121323
1446.26807985425
1516.9086267471314
1404.4010077607632
1301.3231377887726
1538.9577544891833
1320.8556925535202
1504.3031216335296
1445.7049247586726
1326.8607470524312
1380.8328371071816
1234.9630209326745
1334.224247779846
1372.3679489779472
1417.3493444919586
1373.1941010701657
1386.3683787810803
1429.8969229006768
1431.9743862396479
1425.4318089950084
1430.8225575089455
1326.346183512211
1421.232576328516
1379.3249044668673
1286.1267537623644
