ppo
15.516357316904468
39.660545411419974
70.43610102365724
141.19118468225003
221.31642885684968
314.28474724650385
415.7017414140701
576.2601040476561
788.5622058182955
1051.9863074803352
1062.0191082394124
1253.5012415117026
1207.9860220479966
1324.5926368641854
1388.1463594824077
1269.093650765419
1352.2942597079277
1263.741941073537
1183.9548330420255
1280.9924529141188
1239.3376208221912
1320.8452993041276
1310.2757040071488
1232.9647565943003
1349.467176733017
1131.6060885745287
1203.8216447871923
1373.7320486795902
1483.3418150240184
1476.9254201048614
1394.1596961313487
1486.7989990705253
1398.0418968743086
1343.0644249904155
1366.664198243022
1502.714081289172
1443.0450935727358
1411.9074846291542
1414.1602443706988
1122.778384078145
1090.399334448576
1157.2869834464789
1322.744501144886
1407.7910663342475
1432.446112038493
1454.1638816183806
1398.485457930565
1367.0096156829595
1497.834567002654
1356.8188878720998
1135.7673682630061
1215.7277485984564
1390.966403888464
1453.928791770339
1453.0797591423989
1411.4725751340388
1504.4329499548674
1412.4459030103683
1449.4037058138847
1248.3283877831698
660.9289467138052
1232.07633939147
1093.7457216262817
1164.8291086643935
1340.5649106884002
1323.8094097048045
1344.526540888548
1218.4401670175791
1439.1505668926238
1397.742050539851
1173.8753040349484
1303.872978926897
1401.402112531662
1309.360504374504
1501.2870386016368
1318.3490486443043
1318.9601634538174
1221.2712632656098
1181.5493203359842
1249.5787972438336
943.0770558387042
850.9924683737755
1076.2061182564496
1302.1225466376543
1170.7572005844115
1265.9797096592188
1209.0107871061564
1192.6914206272363
963.278649520278
1118.3985689008236
147.33892602086067
225.51571865975856
311.39712556421756
481.3276527231932
830.8224279546738
1122.5322893857956
1082.8439134556056
1112.4119379216434
850.8837453937531
1056.6345016890764
1269.5630210119486
998.0183836001157
892.0502187693119
797.5688510179519
772.0891775691509
961.6643899816274
1183.5413591682911
1142.2136554300785
1081.2664854615928
1082.281772738695
1167.9257088392974
1235.7221892815828
1212.2084674161672
1195.456178522706
316.95614849984645
423.0664833176136
932.4007287538052
1010.9431389021873
832.2828255003691
1010.7207411372661
1012.1246620512009
1120.3486949622632
1066.125385902524
1091.9473181182145
1009.9948562735319
1010.1663569796085
908.7050898092986
903.6336938768625
1011.5608470231294
849.5153194665909
950.5750467687845
953.8076100289821
905.3832986336946
1028.158616399169
1066.2007290244103
1023.9783894079924
1129.5817533272505
1131.1599368917941
1205.0708064639568
1202.1032964926958
1117.4824670910834
837.8600648021697
732.848280647397
823.232458461523
910.5455598920583
814.7410699224472
877.4637911695241
841.3432328122855
856.692959228158
742.5700064337253
847.7124321597814
869.1322600519657
800.9563441234827
751.1605534732341
693.4659856367111
619.2963274788857
540.9237648260594
638.486997640729
670.7688992673159
579.6420161998271
592.1506991997361
538.7243010267755
295.50835525840523
363.5748936210573
362.9737842658139
399.0429791560397
356.041833534255
412.0914894872578
441.9145276196487
409.59132213177395
409.0544525003846
468.0556017546145
525.9814154082537
357.41394801437855
333.89216349244117
377.85869872391225
545.7367907816172
617.0248421943188
576.457015581131
586.3827351999283
611.8215850353241
715.4201263821125
741.1361897403002
839.625460267663
811.2724263858795
910.6835580694675
921.8839943927527
836.7176781922578
858.21725969553
864.8671515738964
727.6658788770437
654.988792886138
713.0134350329638
817.2031456977129
733.1739814215898
906.1710411959887
1018.819846214056
1085.4620751690863
991.0114541655779
737.7836598971995
