ppo
15.474907779390923
35.5793767473055
68.21078872881247
129.03917754173278
209.38337036311626
319.9480230009556
554.8619312858582
851.5980469924211
1108.2466391295195
1186.5391328400374
1311.652941262722
1400.407118435502
1429.1857351666688
1359.095328040123
1399.636507203579
1272.1019168198109
1293.9512641870976
1327.8641219568253
1372.0762270605564
1340.2399938613175
1412.6159466320275
1400.818093226552
1421.352193610668
1160.9394133454562
1447.9884296131133
1430.5042086678743
1550.9261168175935
1374.153063158989
1570.9933617132901
1462.4314426338672
1425.268612422943
837.3153743600845
1394.1756846141816
1612.6404512488841
1532.5086242973805
1535.427952965498
1519.5583239483833
1347.4985666775704
1464.5074169409274
1457.5379855549336
1371.5319846272469
1043.3752908098697
1464.3394820976257
878.6212347114086
117.23194802999497
203.16675600886344
347.88237648844716
503.03458222627637
610.0291906869411
731.7815018308163
847.2020903587342
992.4624294209481
1215.9438860046864
1047.941428077221
1290.670283497572
1153.8097264362127
747.6915143454075
1288.2758657717704
1338.9674111437798
1356.9647484588622
1398.1009451782704
1330.2614335179328
1403.237289686203
1446.2916389358043
989.690070348978
1138.8016374218464
1191.696364171505
1216.772528165579
1006.0686769294739
1166.3890062582493
1283.9631087028981
1290.6886968111992
1393.650945801139
1497.6061386799813
1338.5312723261118
1346.4023193740845
1440.5631760489941
1447.076100691557
1295.4487313604354
1294.6265718656778
1125.914570151642
576.9138413848216
862.8503611832484
1047.669789288044
1376.7904331958293
1477.3307788693905
1455.9497955691813
1461.6891712719203
1452.0834305638075
505.21146317362786
102.55235554842861
53.82027446343564
58.9521406820626
72.91667450334411
123.45579781730659
164.66967309674715
179.3713899791194
203.5994737783866
207.88646541023627
222.5203570241481
226.9769100765139
245.50338942453266
234.8189456699416
248.0919130176306
269.0891535270214
294.8572178176045
306.74047528758643
325.89640946775677
340.77257734008134
324.68070193681865
342.62017552939943
354.4408464621753
389.2149048751593
411.99589343585075
418.32121305018666
395.82273825742305
453.7975723297661
459.438876273036
465.76660449050365
496.07103867709634
520.5308089578897
524.5001304610446
541.8423828607797
523.0906149268151
529.4659602338076
518.5538196611404
500.58992160702127
479.64465025104585
362.6263539567776
327.920870860992
420.70973903340285
518.9808778355737
597.7255158979225
652.1284593601525
668.9398726800084
588.7621827021986
599.1307888701931
706.6352231293916
817.8932812029124
1065.6494504237176
1241.0888252234458
1235.5255148667097
1278.1778694844245
1383.819519892335
1299.616704262495
1206.8764184361696
1086.887445192393
994.6192552986229
738.2190535992384
914.9994644507766
551.307575326562
337.1005812740326
563.5642650443316
1124.7956806582213
1212.7327192538976
623.2505833375454
277.0811419710517
351.9013555979729
367.8130756741762
585.5425309419632
753.2587742996216
1127.6081802237034
1155.821029046774
1186.3996451479197
841.6097382819653
1183.2063514858485
1119.0412200540304
1112.6473934358357
1084.5241892844438
1079.69864987731
1149.6166362643241
1121.4364532655477
1257.4279781770706
1305.5641550779342
1380.354566796422
1334.3143315523862
1290.5913622224332
1234.927843555808
1359.277087984085
1351.729691132903
1319.108898305893
1443.5953775352239
1302.894727177024
1304.6002266097069
1233.841854313612
1107.3902640235424
1110.3470688682794
1139.9168661504984
1250.3512416613103
1211.2595879137516
978.9821035701036
1064.4434994989633
862.1359470665454
76.15939035654068
403.31089364647863
652.5658416904113
674.3007302816771
637.5076552202646
665.4961969682574
746.8548248823057
497.20659019716084
124.02393291849673
188.11299143793846
294.27846869817006
423.0001332218945
584.8529352941364
612.4573177429288
759.8203914090991
864.4843660381437
832.1042504882812
723.1367217457295
713.7839379643692
