ppo
17.563432734332164
33.11855969243217
93.49218171674758
174.58794597133993
209.42723258972168
292.31599931776526
323.438086129725
392.79840215146544
458.70570001661775
589.6537687939406
676.0629563981295
674.2897541296483
765.9060235607624
819.9091289207339
825.766284686327
829.9144240766764
824.3198410630226
842.983729506135
883.5509034031629
882.3185198122263
905.5478281497956
895.6008425077796
918.1355101498962
1010.7215867683292
1019.4507976126671
854.6051627015322
874.2573693156243
932.3022469437122
885.6314279858768
675.7826425935607
843.865682759881
809.2862706404925
887.2627931904793
953.0907803422213
941.8054790329933
950.0199141210318
815.3717986118794
915.5205835074187
950.5488325512409
927.3252668082714
903.3089251999558
858.2630268309265
772.8088693869114
778.849998806715
908.9625503224134
994.4707884592563
970.1544386800379
856.1416938209534
938.6998337606248
1002.4052838826179
1041.3182057654858
1070.5056983745098
1013.8690664184094
1049.642375741601
981.5751146769524
1024.3625433772802
932.1902152818442
912.1469556867518
887.8066590665142
14.668898305296898
14.957545479536057
15.823253812789916
17.25955406844616
24.746232644617557
85.68054642796517
161.89869903251528
441.128430621624
627.5842202916741
491.9064840878546
911.2930960135162
980.8893872970343
964.3066889017821
1097.105489820242
988.7223750984668
1026.9717685121298
747.8816544756294
792.582592177391
907.0429988223315
1065.0869324725866
973.0924201053381
1101.8321866238118
1131.2726412546635
1195.43842641294
1079.223002950549
694.9755363313109
1094.2329983170143
1144.7064520651102
1070.1565607011319
1084.7283399283886
1120.3894650268555
1117.7769540655613
1122.5574097591639
1114.3167808446287
1129.131307002902
1033.685661431551
968.0123803085089
1049.243705317974
916.8100660502911
937.7952085887641
974.8912098133565
931.738075017333
1002.0996497178078
1055.3144605249167
1073.0993259978295
957.0303369724751
1066.0477795684337
1018.5070550575853
1019.8363003432751
1072.7271591484546
1101.0125750136376
1048.1163097385877
1086.8088788847626
1072.1914498877525
1014.2123326379061
984.4717422556877
956.0074509119987
959.0791405081749
1033.6495936328172
988.2949043393135
894.5591191193275
934.4690948839485
1034.5341683548688
880.3687634408474
458.53201136308724
699.9648852724582
583.9667498332262
763.2070509237051
843.4207450062037
873.9595652359724
818.6487148070336
710.1751341053844
871.7116317117215
793.7682614946366
740.385442673564
773.0875202542543
763.23690605402
833.0072416365147
793.1163510346413
732.811152268527
713.0493966430425
918.5501799631119
964.6758410459756
950.693952562213
904.0314731276035
902.8957546031475
720.2558752435446
754.8945128273964
740.0913045060635
880.9970340806245
870.8544077587128
926.7986884918809
864.3883588021994
898.3116483819484
869.6726438069344
759.7477821022272
566.2371401464939
654.4359073853493
533.1956889021396
591.2008308428526
733.189857814908
835.46103507936
944.0599653589726
1031.3593298572303
753.7362586545944
694.3432380342483
753.1927795386314
696.5573306781054
913.911390761137
997.2024929130077
1012.2925722342729
1022.6922524619102
1055.1707669043542
992.4904450982809
875.5530218434334
959.3240328466892
911.6671203756332
905.5282212561369
853.7924442631006
858.596748238802
794.6320690572262
722.577170959115
698.3835423213244
619.829293217063
581.5903581219911
803.3762400877475
817.0861399966478
854.2458289790153
705.9719483298063
738.7369970864057
850.3735947054624
787.2001498490572
847.2145011153817
906.8047192561627
756.2300527262688
621.4800215858221
646.1197983270883
627.507833725512
620.385341309905
625.3466192799807
669.8231436085701
786.4578115981817
781.7813335040212
782.439252217412
724.8604829370976
596.9629372614622
611.3381982165575
654.7662591159344
738.0393992263079
707.3331432497502
716.8027042680978
766.3560963374376
764.3413340371848
560.2641858714819
772.6366460758447
776.9575347781181
802.619906218648
820.0521759220532
