ppo
14.669911193359804
37.491108877933
107.57698471219511
191.75191118329764
308.02387583136556
555.2311072397232
799.3396027392149
939.5105245780945
1097.7886249750852
1235.3883051276207
1254.5871680808068
1378.9194828230143
1447.040511071682
1355.665724604726
1149.9662981712818
1329.643853430748
1345.0230718028545
1375.2145070135593
1530.7458219563962
1476.404903023243
1430.813175675869
1456.196591939926
1607.4443831413985
1569.1555200517178
1556.7729387962818
1532.3243267607688
1568.7902754878999
1506.7914899146556
1436.3872068977355
1382.536480462551
1503.251061014533
1403.5328179252147
1007.7028507047892
1188.8736602073907
1367.4018945467471
1424.249822049141
1390.8110193920136
1380.2153169304133
1312.229234122634
1388.239713333249
1395.295843746066
1419.6092009460926
1421.7346484845878
1461.8108321601153
1484.5263281017542
1535.6198246622087
1389.8920744168759
1428.606310325861
1275.5381743186713
1266.9968725317717
1286.2436548757553
1259.8579275900127
1100.1122630500793
1438.1011134189366
1572.9016443401574
1531.3811226427556
1369.4654867887498
1387.403197274208
1336.3021686190366
1416.0403245067596
1169.251973130107
1323.2018685698508
1314.246529636383
1362.2332403969765
1342.5596369373798
1423.8968049454688
1357.807684379816
1445.3573426508904
1528.5589719450475
1369.8667164850235
1379.223874732852
1361.1285117459297
147.8716777253151
47.68740533351898
51.467375494241715
50.8864303779602
49.989027441740035
51.879136703014375
58.77756131410599
55.43759838700294
56.294821462631226
62.96357219934463
63.02112687826157
65.44808773517609
80.11507524132729
84.45731727838516
97.84414746403694
90.66879066586495
107.1909232223034
125.97002047657966
156.23479392170907
174.5696045958996
208.82075519323348
202.6208597946167
252.9941850656271
421.6450543189049
573.2809797823429
905.0294252866506
843.1576315850019
192.01036168910562
273.21245893305166
390.1367819456011
541.2940870988369
644.0848772418499
512.6998275716603
834.1995714563132
977.1182281023264
986.698682692796
970.1629793041944
878.3827998155356
988.8598280155659
985.7898020291328
1118.9918663442136
1148.6201280891896
1147.6287154018878
1141.2939386236667
1252.3887860488892
1315.7354898512363
1377.5102669084072
1144.8178349351883
982.8097476002574
910.3185626039653
1044.2285391777755
1053.2074461641907
1083.2729263222218
1108.3857728004455
564.5656800744496
315.6938009397965
425.22564868075773
505.4594488847256
620.9550385978818
900.6545245420327
1003.9738087159395
1072.7318546035885
1114.0866687221173
1192.0293116092682
1077.043328647986
1162.124505199194
1249.5553320658207
1127.6078169319035
972.439715347141
1180.0071806424855
1007.4924661672115
1017.4162243783474
882.1621223691105
878.1189829590917
832.3743890820443
550.8710827583075
633.3810035778582
780.1561665907502
408.33262183050624
452.5803560698114
474.15488399624826
503.291093609333
478.32950311437247
461.46243606831877
420.26919856728983
506.8939610174857
489.8009331166744
363.9019984170794
305.570673080124
315.80899966567756
326.04821345597503
324.03598622828724
314.7837773436308
328.4517560979724
385.23033139977605
449.8174232542515
478.53991031348704
368.17283048689364
406.29683100402355
416.865581985712
523.7070359146595
494.52033209700136
546.7472911146283
621.5366535395384
966.2933171910048
1044.950978640318
1018.64843349576
988.7735583585501
1020.6815365839004
1104.901266964674
939.4555020272732
184.93035504579544
174.99730679214
181.98998776078224
285.97489422380926
354.33228893697265
382.20751186192035
374.03896923422815
276.39841115593913
336.5604957020283
360.2895878005028
356.96392646968366
381.74703516721723
344.0810007488728
348.9713798046112
356.80529757380486
364.79247261583805
427.1755249375105
437.17491929650305
448.1062596851587
480.2137786746025
520.5353097844123
583.7156445670128
569.6364122593403
601.2388672971725
585.0369235277176
596.2416641926766
561.6185897243023
554.6308311223984
606.9398998528719
590.6973035734892
632.0733005535602
620.8307814860344
474.7871679842472
532.2212416481972
506.20994500279426
597.9633440583945
602.0072850346565
532.2828171551228
635.1242334109545
678.25891292274
453.3797949254513
627.246084587574
706.2412815791369
564.4303751856089
621.0308342701196
647.2889760541916
711.7030304908752
616.1971830368042
635.6542669469118
696.143071795702
773.7198456645012
783.0471501237154
770.6326311075687
803.0899663221836
726.8217106437683
655.9455540531874
743.5224597093824
