baseline0
20.0125651292541
28.781856312032172
64.6550612330553
67.85742630947958
79.57177484362697
98.85822652695231
116.81952802023798
139.51083600985277
144.44865180247243
153.44052483008883
149.16742330012514
156.6220260440518
163.3735981299017
157.47757034305158
157.55875233390566
153.8296666044946
123.26872677882453
111.71324671374806
93.13930608551736
121.31167265560505
166.26158899777423
164.89860441040346
183.56466071068257
188.47708511792922
185.00511612645514
186.16100346154067
187.79218097910442
168.3911914668881
