baseline5
19.17828598716425
8.042166787127938
6.1663831314299005
2.5827084233039033
15.172658393543811
19.9450915146408
13.934196762521871
9.880094658721852
9.04053083377106
3.3603904261076063
7.06498895881321
7.6217528098619
6.61345760055913
10.90997082174493
10.559555641721625
4.799297144264321
9.505909622618779
12.78651451859339
13.666161315761535
13.255819326837962
14.479422087081355
19.09286841148918
24.732193575844953
27.620064949293837
26.76141288163676
27.812570864223915
28.57723541911447
29.93046700702789
