baseline10
22.66650976313118
25.99622483470175
46.341560739480016
49.75182874810458
56.865179389510885
51.861464110287784
74.79732750358106
73.3106208207955
83.80846195676372
92.02463285849976
85.47148435434451
86.59162515843364
88.1742298343594
99.50613016774705
118.8032248703269
146.1458643731157
212.75674147998495
175.9687975161528
126.12602811235918
133.92697203342618
162.8839605957168
140.8387969120575
114.82554738531141
101.36821905124546
82.24940951116864
56.43734713648148
50.14213700011584
47.057591415140095
