baseline50
27.166470511691166
44.050078925464035
52.084534485578956
37.45421660578696
32.94611405746915
18.128143337750164
1.9949983948363166
2.0676447022232076
4.551309171611739
5.210179353975427
11.04082363926458
22.669831508874022
31.091686667686375
35.05775831041495
38.4299885409119
38.18031999451254
39.83834935576022
36.644292763849656
33.8406354624319
33.52143606318197
35.483644975221715
42.17050684935033
50.25811318691644
55.01742927448523
66.88441620158267
70.36145729251741
78.7086270849184
83.34150226689705
