baseline85
25.027667581721317
26.778931276723966
14.722337753746269
32.99295787473226
36.6720177484741
36.96533577677587
31.126326928789126
42.67459485565311
40.09151447464674
45.129211577120806
40.44581775753498
37.387150966140794
35.68688681784226
28.908195383827607
27.75137949858568
35.092710913199
34.77230808050929
38.82095102041377
38.863336528819694
37.589593005316544
37.27788225450649
42.45122462617457
44.89506887945459
45.11619333658883
33.20103271252294
28.612624644604878
30.98344658765242
34.57304449087506
