baseline20
22.248996175423976
16.962688147118527
6.485709823786101
8.603643480868566
19.746214530288782
18.195522851094967
18.585350948072723
13.804403184032852
-1.708961265130419
-2.1460020394164414
-1.0247231880251046
-1.431409297522414
-2.0881295232031913
-2.6930035108862618
-1.8200025841505973
0.7150799887881185
1.8307544129396573
26.206678543370867
49.36300502719588
76.40347952145585
72.19418970439023
86.72786789202797
93.61217308067138
131.51733793794133
121.3354274034426
120.80259225979032
130.67301459543273
129.05107881868753
