ppo
14.747940795540345
39.63021539471694
122.84534678597004
206.5121289408207
297.9564874756336
352.5570637500286
399.5350637680292
458.10942329823973
751.2142588788271
1050.887597360611
1154.7702303349972
1209.4699558657408
1113.8078701591492
1132.2234938800334
1065.1780776840449
1025.6523523443936
1211.1342806237935
1386.7680309796333
1265.8233059883119
1279.7574821466208
1295.8742151284218
1361.2286149692536
1387.598136819005
1414.3103089374304
1282.5157261109352
1373.2140524095296
1432.0301134192944
1245.4276934021711
1404.462646870613
1406.120761333108
1364.0360884839297
1398.166051543951
1280.2982521659135
1406.3824306613208
1414.7969520944357
1386.1056831628084
1170.0094110250473
1302.252100625038
1303.3137147229909
1331.4051035904884
1212.8506825840473
1263.5297074210644
1024.803364546299
622.1312030285596
794.9573966908455
1178.7159230589866
1405.527994285822
1321.0024751842022
1340.553165627718
1372.8391895735265
1435.4007502555846
1375.7334595376253
1126.0711976456641
1336.812436326146
1326.4101902014017
1314.0799207639693
1352.540469021201
1356.617020789385
1232.2973109334707
1199.8324995410442
1264.4037679982184
1202.0166229385138
1338.0309505206346
1370.8368515354396
1291.1007698899507
1345.722885711789
1375.44389439106
1427.0016773420573
1300.2408389759064
1431.2528988337517
1334.5361137980224
1192.261903808713
1335.179944959283
1273.6539875370263
1058.8752944284677
1273.2694405293464
1291.8024147832393
1323.051900217533
1197.9450505554676
1316.8829707545042
1336.6301868623495
1427.8665617901088
1429.3968666106462
1370.3775665712355
984.0342601656914
972.5765744948387
822.269884955287
1054.0013945174217
963.2711621534825
983.2470446527004
953.7745054763556
1096.9918749988078
1106.484154945016
1179.5087978219985
797.972198022604
876.9044549930096
897.8961522948742
1241.6551150065661
943.7103588855266
1274.1694807165861
1010.13067520082
636.9799650341272
1142.8297896122933
1258.9541477012635
1198.0781886851787
1208.491324942708
1191.7414076304435
1192.8620695203542
1274.6320892310143
1358.6427925896644
1377.0436601507663
1274.338670116663
1201.211722613573
1278.990236170888
1125.4665370184184
962.286223783195
1076.4348749440908
1070.420091624558
1039.919298682213
1297.9965671682357
1155.1206814980508
1227.7817894601822
1381.8537745279073
1288.1852434355021
1256.5951822274924
1220.1062942045928
1151.9694079977273
1263.1168611192704
1310.1234083634615
1359.1992997783423
1269.3366819119453
1283.6903887856006
1210.168324740529
1389.5552111762763
1328.7344339418412
1092.2212265819312
912.222719990015
1289.281686745286
1239.2216708153487
1179.8865311688185
1309.1824770766498
1165.694894273281
1332.4352223342657
1352.577982339859
1402.994029019475
1338.8167162024974
1499.9498636335134
1448.9865683412552
1387.616434531808
1391.2074235939979
1413.983676327467
1444.7336461931468
1240.6872860878707
1481.3836850613357
1472.1069587373734
1366.9975541782378
1432.8877585220337
1365.8191755867003
1347.2706623858214
1372.0149726635218
1350.2196934229135
