baseline20
14.986942995183675
30.890562396358725
27.158487499739106
28.537196089101375
32.98439183886076
36.12080153288581
32.53572350008006
52.097671334489746
59.324510857464425
80.21015829675466
71.42838383259887
67.49110594613556
128.38285735684522
144.4909512238014
87.54263531109301
92.55869910513461
135.24701176253618
122.73079116366952
114.23104284713088
149.86766093405876
141.30862400393875
151.57438635952863
129.51741853222467
142.61009029965015
147.04417901422318
136.7901586980034
130.68111494838126
140.17525281598944
