baseline50
1.310436076171993
1.0682012861606451
11.401207224152381
3.995726162143905
-4.757280405840935
-6.548668072934984
-6.616486821894733
-5.454562161948947
-5.493405559745153
-1.9092364527216392
-3.1042569393805404
-8.085323401482157
-7.9195584161914
-10.846393789542576
-11.327435418094824
-11.790230789220294
-12.23209692171176
-8.86003728083476
-6.718806928092383
-4.155393300119193
-1.614382850825371
-1.0313214902606862
-1.5440718483424916
0.9589962030419037
2.409711171559076
2.991549883888453
4.46199510482922
3.2031611423412425
