baseline0
1.942358291579489
2.4258187323328233
4.347418375404831
6.803187512757476
10.306492761657642
8.48025778797462
12.305918609590767
26.33804809172694
38.70775978734681
67.39475737507644
147.75587846851897
192.79209070949216
105.60463818053982
82.36894580724919
98.18339124914684
137.64907971818903
246.1658994786862
179.14043206029868
256.93965726693125
269.6725791070531
209.14579034948255
219.4240479200433
213.8636691144242
236.53631456844136
179.70028173880036
182.5275038623374
228.94419054827887
272.1844809570789
