baseline85
0.7438104813572883
-0.9168515890302846
-2.834709179101604
-3.2417710657009278
-3.3630326493790075
-3.0961400714294625
-3.0560807188374537
-2.4044087032991928
-1.9247576658495276
-2.215954316266808
-2.4127573529469273
-2.691135673340762
-2.6531331996768652
-2.2646715534325024
-2.425109653989678
-2.3850435462325534
-2.0918309019478176
-1.7695673123902567
-1.5810651930054231
-2.3498930244894547
-2.931832130905945
-3.265778458407455
-2.824561080835635
-3.025820784486975
-2.97367180955979
-2.54334403641435
-1.9924321739323236
-2.070392012508793
