baseline5
2.7706802430785173
26.878682996185407
34.42770810934674
41.550077735584985
47.95770056143151
60.12862609629932
48.149519147728
41.14223330684846
27.710830376986415
41.74644101207862
39.603226681027124
57.33006575587486
40.55362063595872
66.9948283195616
78.61631607081358
41.1136341023264
31.879178470469245
87.73062158200864
91.80893960359614
122.00433276205597
162.79723256372287
158.80586603716202
121.95295453393749
148.15777427538617
120.3708067415533
141.36480157427314
146.7401375690424
121.67507660264482
