baseline10
0.9242392070410578
0.6227981203350849
-0.748566363183635
-1.0855840271662287
-0.9030266041344235
-0.9938404022652982
-0.762069262665091
0.3388307273407448
0.9488778495261629
-0.2760121028527559
-0.9708434254883009
-3.1159357901024025
-0.9850475270784632
2.4062407190439017
5.933380026447488
5.572873413277603
6.787602254066159
10.383675323205836
6.006234955359983
-1.864150630630793
1.5446770403398042
5.660219832690516
7.311732890960587
7.083903081946639
7.0799937107635325
7.182965904440897
30.53444881250365
85.04021842514439
