rewards_actorcritic
-2.7938346555505382
-3.149951321377224
-3.146020685324185
-3.2612310399606694
-2.517316326172241
-1.7922051282985196
-1.4888023876235894
-1.2196887931678537
-1.3949641569648983
19.19952504701897
41.705086920339106
41.01136137465593
46.79676247100168
87.88998724447427
77.778382417676
88.10267958022847
84.53976592211242
80.5776958252976
78.81013084771494
73.18297160352905
76.9617518102747
79.1223207154452
80.04865775716509
80.81980451595494
81.67124282790424
88.29214362177028
91.6952078991926
89.78339523919942
88.962923346521
90.9822026453893
97.46891883137576
96.91441957431218
107.10610670291582
105.81119372451296
108.60775034974579
106.71582058549839
100.57926242438415
105.88439587624376
95.81435709832398
110.61277675646802
101.80423481715506
103.31182822834403
94.31325444561287
100.26272238407584
102.38735158455309
108.04407551954962
99.65403047456664
109.72286133602975
114.83320430056409
119.13923818625756
119.62331250924197
114.48971927745593
108.84723465282183
123.95909542522907
119.39463829648489
122.33787258388877
123.89733533367892
113.97735309527486
117.82073510635101
97.95404282273806
107.26091850674409
108.36150076423222
104.79354400213948
113.4879347500818
111.92374278606451
105.83629285294715
103.66599879810121
115.93282169655272
117.90433041364562
105.28977594303257
98.89112898427128
97.55093045130064
109.28775870151203
107.86898149470433
111.23364778628932
112.54843551208063
112.48876509487413
118.9441581247181
142.39149928727772
146.2762153521101
136.65601293309473
120.11538301801231
115.96907108654355
116.54721908515786
131.60601003101317
160.8384301022967
166.9806310114137
171.4220742882907
166.67601139915826
180.98638867061888
179.2294596418934
134.7066638496019
158.10107259209965
166.43101666068182
130.5455540144107
84.82579648753207
140.23979874879146
144.5287097575532
155.53494296273948
186.1087935083119
196.7145160713336
182.41374929615748
185.5952816557952
174.28556284089916
187.1446190277768
185.1078277062448
187.0656982533262
195.11836974646405
200.27112649549602
200.65729539006753
205.10509018598827
215.73827125856042
219.69518955282538
219.29514418018024
226.6199018746064
210.32141637994349
214.82826822746003
209.9638745063031
199.40438502837415
184.11989353921962
192.31718442628733
190.58008693782136
187.78013352955838
169.61723402451835
207.33407603872217
208.06997756335662
160.8084347518805
118.28857516766661
145.1925200886286
188.29354412167234
174.2735149429776
189.8038887833571
186.94516607836727
195.7151006653207
207.85896245255415
196.73519369989063
209.75257455914473
132.73858859932315
136.97346973049451
169.86493503282617
