ppo
16.327254937746037
28.706788129007908
66.58989310669945
137.8707666828949
234.3509490430355
323.47475266993047
353.72797284185884
472.0408809244633
764.7954576122761
936.0993441790342
1129.506003883481
1088.6703402030469
1240.892894810438
1401.4086240261793
1405.5368704110383
1428.1049752038716
1498.2484653627873
1428.2645621162653
1385.2135922950506
1489.716386973262
1463.6184703415631
1451.8372487664224
1468.9474855566025
1496.580360813141
1424.3756708425283
1266.7657458162307
1178.3680073881148
1391.2575090801715
1474.592589992881
1430.2321678566932
1386.3043351215124
1411.61678193748
1403.6245797824859
1398.6307831645013
1128.1702061539888
1370.3724133718015
1315.530660829544
1407.4860662728547
1421.4952188408374
1426.8950910168887
1493.4562589037419
1395.1027072387933
1539.4140541523695
1531.0841090506315
1531.9758561855554
1415.0094809490442
1426.5615086174012
1565.3080468004941
1610.423598690629
1560.2080859428645
913.4920013988018
1280.9451147300006
1328.078268856406
1404.2140249454976
1423.9376612257956
1424.1725683873892
1322.6674363398552
1376.4583184063436
1405.1363038116694
1446.6320268374682
1518.310458086133
1470.826781670451
1481.5854228121043
1126.9019897127152
1526.8110773456096
1428.322320023775
1381.1469387543202
1450.8028374671935
1512.2151867592336
1601.6710278856754
1553.5687022817135
1543.3513517272472
1464.5761224472524
1475.9677944219113
1361.5369117462635
1374.786033347845
1527.5916012305022
1063.7994902300834
1016.8050368571281
1232.5671228569745
1443.3399031215906
1238.011865645647
1494.7089611685276
1484.7506774431467
1482.8538705784083
1487.0748773318528
1449.3992785984278
1343.3628696370124
1262.2487446761131
1395.0693869930506
1289.2318134576083
1488.0298432701827
1478.676561655402
1354.2797450178862
1397.7403730255364
1449.7371203404664
1384.8685614407063
1371.5592464995384
1455.0538044953346
1374.2557801324128
1241.3546161288023
1081.6354042178393
1092.1031089007854
1299.0299868559837
1217.6611297887564
1385.2559559583665
1490.2686792182922
1496.5145212954283
1378.3890018630027
1403.2911888730525
1453.7494188314677
1488.5294812625646
1457.5251927644015
1472.3563679796457
1352.6955203813313
1445.6670211011171
1480.0505152457952
1413.7809538996219
1163.4579744917155
1251.3534595257045
1307.0091258645057
1182.8831441909074
1269.87779219985
1284.7153142023087
1128.4304118722678
1124.7218135750293
1283.7923468095064
1126.6954075825215
1068.2486835074424
1193.7774044263363
1250.692972866893
1309.354172347188
1135.8950712788105
1326.7696883028746
1267.6033697432279
973.2026468670368
1189.0665834194422
1000.159376271367
1225.1114987033607
1202.5544571530818
1280.3922147649528
729.2915848264098
1202.7753388619424
1298.9573463517427
1273.498690879941
1025.0965563625098
1044.4757631111145
1222.9746388161182
1217.2732836902142
1405.6829622608423
1347.3256456571817
1380.3875259006024
1183.5702814549209
1093.4260811907052
1167.9846090489625
1240.3636156237126
1220.9983530910242
