ppo
14.755845201512274
32.34968200590461
84.09730525335297
169.9268921971321
282.4275311845541
423.36628921568393
634.8970590096712
855.5848816227913
897.7686263430119
1045.142647022605
1081.5701100111007
1175.3314798694848
1244.8033075654507
1321.9873333132266
1285.965942659378
1371.1706903660297
1486.51597001791
1489.839028970003
1413.827666209936
1426.4901707470417
1126.882173447609
1387.773000203371
1554.690780352354
1304.002262263298
1159.794865604639
1349.5675704526902
1304.2482274079323
1332.8746123480796
1379.2543864619731
1493.2741373884678
1186.2383167505263
1448.1652472734452
1528.002572902441
1567.5731737852097
1520.222102277279
1541.2072050243617
1426.0339215993881
1443.751267938018
1405.8731286931038
1395.2057757467032
1483.6907539641857
1554.620505450368
1302.1657387709618
880.4432281905413
999.6950417768956
1073.594366350174
1333.8548535108566
1116.308460969329
980.0208909672499
1257.4921547836066
1314.7294927847386
1369.244285276532
1346.5668641346692
1478.3489195084571
1237.9940969753266
1314.4860147809982
1471.8835985147953
1530.7684997212887
1420.8343925321103
1271.1449015182257
1297.9632719779015
1326.758291630745
1444.2492185634374
1326.8706942886115
1303.502696943879
1370.0515313369035
1260.530048467517
1212.4096429538727
1168.057023985982
1289.7954244542123
1229.7132282823325
1248.1843815053442
1157.6107765865327
1162.842579267025
1255.821305872202
1196.3196299743652
782.5752138459683
352.01318079948425
197.17337702512742
262.4211627972126
467.9359820783138
554.2263140022754
741.8359898805618
920.628452257514
1040.425240815878
1153.136795349121
1124.4985485827922
1106.0146993136407
1191.775297113657
735.9243076848984
844.402404679656
880.9754015773535
1106.8613444477319
1266.133605621457
1204.9510827410222
1055.189805467725
982.5819935476779
1060.194717014432
1277.3411491316556
1279.794522677064
995.4894840151071
981.8818381816149
995.7593258565664
958.4457155627013
970.9295530676842
953.4658196997642
1131.0694903945923
1097.1794655388594
940.7933652216196
1112.7547347962857
1057.7608449178933
1036.3565888470412
1148.408422818184
1239.6483730381726
1066.39505795002
1148.0040028625726
1279.277874224782
1373.905193554759
1320.112686456442
1144.8483348029852
1121.8357801556588
1347.1188041356206
1229.1527201592921
1103.727821058929
1060.9941746715456
805.7085889399052
1006.5823569583893
957.3023407816887
973.8888906186819
985.1194567376375
883.9216980493069
893.8407178932429
744.4454454624653
956.5354669368267
913.1785176891088
899.8204696710408
814.870000668168
804.1483492165804
840.7737297686934
869.852791454792
939.3782730478048
884.8177267467976
986.2831085290387
1040.0282141886732
909.9376984533575
1092.6132426451286
1197.676731902957
1091.700358760953
1064.1367110437154
1152.5887732881308
1105.757870568633
1144.8710953235627
1056.7863944736123
612.772108476758
337.0587167739868
538.0618772357702
868.5110984939337
935.2795993557572
912.5233694124222
860.4324609440565
937.4368396621943
836.3152826970816
777.7841790163517
690.0330658960343
635.3130534619092
611.3082916849852
709.7249230033159
744.3079195541144
818.9561650651693
1000.1572913581133
898.1688745290041
874.9710602283478
718.0772709733247
594.4635239684582
397.06221736460924
507.3069442459941
494.7562272697687
666.5679777836799
816.2332764154672
816.1001680916547
839.5460589009523
884.8595154640078
885.1271819013357
964.628507142663
895.1767836380005
917.8712212312222
1012.2458397781849
922.3293157714605
906.4227913463116
861.6223740148545
938.9632670092583
896.6735569095612
835.2145837545395
