ppo
15.516357432297664
37.50345895274775
78.19813102475135
144.84392634555698
197.85557029426099
268.4944676876068
304.43651361823083
384.76934185385704
463.2122122347355
540.3259553605318
654.5848244303465
652.9783401817083
663.1958000957966
760.6913419985772
971.8052896976471
1063.1386415022612
955.5970273208618
1015.0987510150671
1153.8247730624676
1205.9761806499957
1122.5635701948404
1113.2556683564187
1332.2246506255865
1333.0076683849097
1237.6571255940198
1233.7607732284068
1277.546686527729
1376.3873746865988
1458.497060765028
1433.8666841387749
1318.2432130128145
1452.7837611812354
1497.2832527852058
1592.120650653243
1565.092111376524
1495.3125551259518
1430.8171447861196
1415.702409414649
1374.5265893363953
1454.1105304569005
1561.7858425414563
1593.8075115859508
1528.1401276302338
1492.513232358694
1556.37013936162
1529.5332713347673
1437.9887592053412
1432.4015386801957
1575.598724671867
