ppo
14.780226867925085
32.34164460446686
90.06111924170749
186.09669266998768
302.63831419229507
451.3264136499167
698.63476385355
865.8026595151424
976.371500453949
1080.1428076910972
1201.4126161462068
1270.299211729169
1204.341125189066
1119.582055658102
1241.5931078076362
1140.2872586923838
1239.1313596552611
1334.3354666441678
1344.575977730751
1371.5256816786527
1271.2700266093016
532.3457963371277
851.4986753374338
1307.8684911715984
1070.2882850772141
1183.3947864931822
1195.8139249879123
1299.439309283495
1282.921668741107
1304.3827627825738
1367.525023481846
1189.1396855068206
1314.5634538978338
1353.2658309447766
1218.5980371040105
1271.6100163900853
1033.1130743807555
1195.6242536771297
997.7254423850775
1285.9692822271586
1329.809417091012
341.7770258194208
135.34194688916207
168.64163708090783
288.020338960886
397.67206716001033
463.4604704040289
467.6854892915487
414.0250172883272
455.9970122170448
478.91678751707076
496.5258290702105
454.23321890592575
477.9885661792755
480.57802327930926
503.70992596268655
466.29522036492824
458.555677973032
321.3000189071894
482.36869191288946
508.2754237633944
547.4508604890108
587.3870385015011
596.7775067925453
554.3157866948843
312.9521453738213
483.5561164325476
619.1730551457405
635.4138066929579
609.6906945937872
651.1879204565287
648.2803386843204
713.6853919130564
724.9563380497694
794.382555987835
1007.8998521620035
1240.0232119518519
1327.4878360062837
1066.1151126939058
963.6039251095057
1171.7636956775189
1173.8112621080875
1217.5985346847772
1392.5990215313434
1475.4452461361884
1298.5541661649943
1138.3349211478233
1274.4814175260067
1248.4578984296322
1321.892072508335
1203.0054472619295
1099.98276006639
1242.6739945220947
1220.8510077404976
1252.3303209543228
1222.1229235589503
1258.7631790733337
1275.99418171525
1313.2170390284061
1225.1453513348104
1160.318041189909
847.999359357357
1199.5954737776517
1188.92568200469
736.9560652655363
1145.7372146475316
1192.1260413563252
1196.3236994355916
1382.3820257472992
1263.4973763638734
1214.5655310356617
1298.6544549775124
1104.536413282752
1316.7964882266522
965.6141733258962
874.3573929572105
1124.1539134073257
1197.1883040726184
1131.9946837210655
1041.8136748319864
670.2729169923067
817.426982934475
1273.2615722066164
1196.1405362427236
1115.7042918348313
1203.486311095357
1038.1593974089621
1115.446546332836
1148.0304624521732
1179.147932614088
1344.4751393395663
1272.8792033040525
1278.777189770937
1265.9164648389817
1169.5166177868844
1137.8049149423837
1045.9680812287331
711.1584191215038
977.8845994609594
1056.6771181875467
1057.5670185250044
1048.8725757330656
869.7699865013361
815.4155002003909
846.3573016470671
1069.2518360704184
939.1196110004187
812.1595373421908
826.2937576508522
931.9282350790501
1096.4992011135816
1211.381674132943
1144.8698681980372
910.8487959980964
299.1855939805508
364.2112708854675
444.4603301781416
680.920356014967
740.3036431235075
818.6461742317676
956.8387784409523
1155.7304813945293
1223.2561997312307
1369.3568863934279
1327.6221200698615
1209.8974138820172
1066.3715634268522
1076.4381660020351
1240.0911328685283
1207.8922454977035
1076.3520492768287
1107.128799778223
1092.3717526233197
633.7899558514357
991.2323699951172
884.590661612749
890.4736099416018
833.810062584877
831.7469523513317
858.7338539242744
824.4080689847469
909.3547117060423
725.5185009944439
782.3449565672875
942.8687959611416
754.9550986331701
891.2383129310608
1121.1020329403877
1045.836565964818
1125.4277838653327
1143.070577903986
1081.0309761106969
1084.975411811471
1197.335611076422
