ppo
15.516357432297664
41.742267628267875
73.86119257597719
129.37323342382908
177.32697688400745
216.9725617671013
304.72582064032554
381.5049249970913
444.11447535455227
453.8471341651678
446.37677681267263
442.03491394400595
592.0661666107178
701.5625306683779
853.10922080338
907.529756051302
1034.486021694541
1056.4510943859816
1285.0259325242043
1218.6958427971601
1233.9443034303188
1274.9620222395658
1302.410858681202
1313.1270865470171
1279.052824832201
1300.205312203169
1383.8538443917037
1405.8823221093417
1562.5226906347275
1607.1645360505581
1526.710025767088
1513.7306277906894
1544.6080323505403
1555.1382351195812
1574.1402939891816
1519.004357842207
1565.4104259634018
1563.841045308113
1548.8334101128578
1646.774014414549
1599.2997536730766
1668.4236303973198
1631.32176846385
1601.9936681616307
1574.2951705229282
1627.8109910988808
1555.564720647335
1583.1548531854153
1658.6399766719342
1662.501771054268
1575.812632046938
1504.3688939905167
1511.731942397356
1516.3569152498246
1536.0324597668648
1550.1085885572434
1569.915436452627
1510.1916542196275
1487.1363270795346
1608.9145392048358
1534.547601442337
1481.2343168711661
1580.466911686659
1625.524525732994
1547.136669294834
1586.628419266939
1586.699808781147
1541.8398115885257
1566.6644264996053
1517.7423691391946
1417.4747314190865
1519.166932245493
1259.9322277474403
1285.4445946526528
1352.5037172150612
1138.1256417047978
1363.6740659201146
990.5461960017681
1322.4172269535065
1613.0126718366146
1543.0904672145844
1595.2360306632518
1580.483361067772
1583.1848574256896
1615.0743333733083
1482.193183659315
1451.521387141943
1647.2692237615586
1575.5592490589618
1577.1616333317756
1635.8400524711608
1610.3570188963413
1666.4227414274217
1595.8027314305305
1556.9630377674102
1656.397540538311
1600.6435128867627
1547.0209916162491
1546.8142513072492
1577.3238328671455
1617.174745233059
1489.1005601990223
1570.945031312704
1625.728916270733
1522.8747969532012
1652.8971832370758
1606.704143191576
1333.3995289456843
989.7484160876274
1449.6605859911442
1256.8800761461257
