ppo
14.503106525245821
27.735904727638697
65.76131652305659
137.3211228609085
206.458907828331
280.13547266721724
345.76847299039366
483.72625585973265
682.8569681692123
738.4769289070368
945.2190504276753
1067.650185622573
1085.388981680274
1072.697954918146
1108.8569865894317
1107.9505849176646
1166.9039802676439
1194.6432304239272
1147.0183916676044
1205.1655723291635
1237.3752302575112
1080.8601211154462
1120.3821813201905
1121.642835446596
1067.6836965674163
1171.255672841072
1262.4795841300488
1201.0330571377278
1121.2285645526647
1192.6949377316237
1202.2831057536603
1105.6023126333953
1040.0394350999593
1114.8410103940964
1150.7126895809174
1084.6270038580894
1183.8543986535071
1142.6595232844352
1088.5178733360767
1105.4588882946969
1112.6821645975112
1203.9189129650592
1015.0507212042809
1034.5943503433466
1038.3341765642167
1100.7685508972406
1263.5529346472024
206.21928341329098
308.0202873301506
489.8415116035938
637.3314102196694
734.4861240434647
793.7974291408062
799.7883956611156
893.3665967857837
1012.2083212792874
737.8163710385561
540.510859015584
688.1942788791656
734.3533001029491
880.1422756642103
978.2735515683889
276.2000823366642
36.03795625984669
36.12748285055161
46.795659918189045
64.29219802379608
169.1153086489439
272.64540826797486
350.661029727459
692.9474597364664
1022.779151673913
868.7447842991352
879.4075922107696
902.7393334060907
946.2381038099527
955.5503041052818
1103.4481886678934
918.9320028543473
970.511529340148
999.2697586023808
1002.8357446140051
1132.8377487641574
1093.3944899505377
966.8196847456694
951.4643255841733
929.5675914788246
957.024809242487
953.3865663659573
854.2367794913054
810.4515545779467
844.8565271580219
1065.4279503440857
949.446970000267
1004.5068806910515
910.8392459774018
868.036401231885
878.8003158080578
987.2652531039715
925.5815944206714
1066.5407618778945
1022.6258783066273
996.9302370667458
1020.3117898261547
1013.0854325640202
1081.880196362138
1222.3340194267034
1188.0838877218962
1219.6801202154159
945.5988784986735
1032.3163374614714
1056.0842004039885
1086.0267844060063
901.4562305719405
1042.0086847776174
1054.6146081745624
1091.642946818918
883.1088587707281
855.0314736127854
975.9163861215114
805.3596135735512
880.9639080315828
1031.9778321808576
1119.3132517784834
1076.015163628459
979.0498718321323
1179.3194698506593
1253.8658613610269
1132.257905688882
923.2592390465736
876.6832973957062
798.1255146825314
902.5316965812444
582.1118890339416
622.6350327477977
557.8050451666116
734.6019743025303
686.9085004664958
637.526780359149
723.4220190703869
709.3370974998921
726.9630698599666
773.9937534557655
799.576531870272
664.8656039981544
691.9826108170114
737.4376603507623
896.5942194725573
989.025310927108
1000.3220793539285
1136.6763151073455
947.0110623842478
1141.199930190444
999.6277590611577
895.690115814209
868.2113080626726
959.4571862226725
1081.8373117911815
1182.064835742116
1020.2928170841932
986.3667000854016
1000.6792942336201
1089.867394003272
1092.20012865901
1036.411056420803
846.150725736022
679.2835077929496
811.4562043166161
922.4197176754475
924.6561923068762
935.6603783625364
1048.8561052757502
836.2469982334227
1007.8991382145882
846.2524545679986
980.692623039782
980.3536208570004
903.9197877439857
935.80289626427
641.4992825258523
595.539615265131
608.5246246868372
647.6871785372496
609.7790562570095
661.0785977482795
624.2034935671091
713.83961597085
788.7661981487274
877.9259017395973
907.7530321335793
904.7993008697033
831.6323009878397
802.2585322296619
989.8989160907269
975.5200243026018
1015.6828007596731
990.0909855389596
1052.6457215726375
1024.3548845297098
885.405810059309
976.0617499929666
991.4638758099079
1141.3804562562705
1137.461688001752
1190.9075421500206
1003.6870646733046
1019.1549696108699
1037.6710851752757
1222.3688335704803
1285.3053114974498
1225.871030191183
1187.2509245628119
1118.4863185584545
1141.4504913002252
1100.5657938730837
