ppo
16.26618055666506
21.114363092156125
60.181616231102964
121.83108044356108
189.11252758204938
216.5341069865227
292.9895713555813
350.6115570986271
485.3764366477728
819.7825596773624
976.5155681049823
1090.0533374035358
1257.9595204156637
1356.316395791173
1208.7808800399303
1349.7800323390961
1362.194579104185
1301.1217165207863
1321.737025488615
1314.5188156360389
1408.7222967040539
1283.530302850008
1329.3022119569778
1338.1321392863988
1313.0052724814416
1298.177594740987
1358.3944580680131
1493.098912320137
1487.8810195171834
898.3311173021793
1351.656685127616
1463.2080183821918
1351.1038384401797
1322.2586272054912
1436.355892047882
1289.9245872914792
1393.482580574751
1432.7765712273122
1280.9529989612101
1414.38004678607
1341.7388134926557
1422.5323442733288
1437.4743145817517
1299.3194439446927
1111.375831554532
1160.7143649363518
1139.9066856497527
1268.7000659954547
1312.0811593240498
1189.6469320815802
1290.5738518190383
1284.6663379025458
1251.8412140268088
1272.428973879814
1192.7534015774727
1222.1561757910251
1314.1644474637508
1267.6715887230635
1145.3785889714957
1457.1536491823197
1363.7841928356886
1366.9466612803935
954.7254544824361
1046.8197066104412
1334.2083576780558
1326.7179712575673
1089.2393982762098
788.3776512950659
1088.4640113645792
1002.5227200716733
1052.7996570426226
1080.4796003592014
1178.9760360908508
1208.0183516594768
1134.8139979809523
968.7398136329651
854.4876064455509
992.8054317212104
1136.1175389355421
1001.2888656648994
1009.7315528598056
949.8887621462345
1056.643057641983
1040.6662309779972
957.0960388183594
1156.1344961863756
1154.435870949626
1159.7916698920726
1114.051637019515
915.9450482141972
1222.1149742132425
1259.8422485893964
1161.7291847705842
1070.0708404773475
1241.9575352048873
913.0939191949368
478.3399400371313
546.4784907501936
286.90602645576
205.68360225260258
203.41187282800675
209.1396795451641
216.52559750437737
231.95243787407875
261.9938751471043
297.82941444516183
318.53149556159974
351.72266704916956
387.6844899058342
319.39905114769937
340.2040917992592
389.0139724290371
449.75965445280076
464.0521938836575
454.31605760335924
525.1122677183151
537.4645903623104
459.55950282871726
480.5987163591385
518.8968065208196
635.3264355766773
629.6892816573381
674.3553787976504
648.4564179384708
726.2425390082598
745.4523530483245
739.1249730628729
696.7390985929966
763.4442791676521
817.8830069220066
713.4688500517607
740.6957345348596
795.1532461166382
821.0133244496584
781.3230877572298
783.7136892837286
617.0997576755285
718.406547446847
861.0749413669109
800.1631605279446
888.1164370834828
1009.8871384966374
851.0108280718326
654.0620149338246
792.5499570918083
801.6483224838972
854.577325861454
887.5086162561179
908.3194219624996
925.3105465823412
912.6323717910051
1039.8710032624006
941.4840668809414
960.2356647676229
898.1664135462046
643.1957689785958
823.7160741758347
1019.4229281765223
791.4544188648463
848.1509075438976
942.024436224699
985.3826760989427
948.6042643487453
950.6883954310417
998.1859773230552
981.9417573553324
966.8899199146032
978.5481084114313
973.364423314929
904.9206795865298
954.3530698812008
1022.610994334817
956.2760647374391
958.7511595737934
1187.488112912178
919.492191283945
713.0752264229045
741.9342246313579
802.5124038878083
767.1904335491918
810.6513231379539
773.2275641609729
756.1027350432146
910.2043904084712
933.7208984202147
952.8056188535691
757.5807195043564
800.2008501029014
847.8277403894067
911.5959869116544
942.789510653019
1006.6083033394814
910.8548853701353
1055.286919568181
1112.2899916261435
1159.2373969370126
1170.0397783792018
1169.89716511786
882.3153539568186
1114.9712802249194
1231.6389455199242
1204.8512862640619
1162.6806541568042
1178.2643239325284
165.85891063153744
54.90637061297893
83.17106653928757
110.05246731460095
198.01823736310004
347.53123814582824
385.4656704837084
435.27585988342764
454.06593573272227
493.5099074107409
560.2971552097797
598.916224886775
657.1594094669819
