ppo
14.09251037897775
34.72029956208309
63.2448371513607
124.82140484079719
180.37391012817622
203.53758573889732
225.54939633131028
290.6868814498186
342.2273444092274
423.46853978931904
645.7203047943116
822.2900749522447
745.4659128957987
939.0217281985283
855.6357880282402
991.523643450737
1129.7516627788543
1080.4508639723063
1079.4505402946472
1099.2184731698037
1112.7808827137947
1097.369933974743
1238.0913068783284
1204.7502007079124
1241.7680836939812
1373.8850502574444
1333.8514151322843
1369.5179539358617
1463.249828439951
1305.307880399227
1491.126021542549
1552.0117715549468
1500.9727135181427
1458.4025955295563
1579.8364112687111
1569.8716839444637
1465.268729850054
1473.6548098158837
1328.069706993103
1258.895715534687
1387.9705258941651
1472.4421417355538
1512.1083031606674
1488.9877519905567
1526.645143147707
1518.8061094331742
1364.5202124476432
1419.1377393245698
1433.3582472513463
