ppo
17.637610725007836
32.03373310586088
79.90957793232053
144.70599125356878
220.9574206840992
302.7470485699177
339.696848974824
380.6804633420706
481.8240982687473
754.9554700189829
925.634025695324
1034.7988672065735
960.7192935675382
1276.5881316924094
1447.3641502541304
1320.9999355769157
1278.8053206068278
1370.1141306734085
1461.0028866010905
1564.1933038169145
1448.255540444851
1523.2072668194771
1471.1487296473979
1325.0148474550247
1506.0312462472916
1404.109495730996
1434.6697114622593
1464.4037684887649
939.9823578262329
1308.3533264875412
1124.65019246459
1394.8812325644494
1489.5525364160537
1282.5755092054605
1564.681910352111
1478.7748496353627
836.3982745319605
527.3508610630035
1286.4247918605804
1456.7182352936268
1454.909468075037
1421.7526815903186
1223.1165085434914
1355.075770509243
485.9835509252548
1351.6130629229547
1455.3587274241447
1477.7622638833523
1472.647318366766
1234.3232009768485
1527.8917458450794
1614.7564901936055
1547.8932707095146
1438.28877253294
1360.2036710822583
1029.578702185154
954.462099417448
1203.2675856792928
1259.8636013531684
1143.6778902769088
979.2108362936974
532.1111556124687
633.1678097057343
778.1712671816349
765.2109306800365
910.2542950809002
1190.013149459362
1105.541311751604
1210.3418521165847
1140.2661507463456
1264.0590367412567
1429.8868271577358
1570.864898738265
1424.5308406567574
1485.600928131938
1286.1535633677245
1468.3566400074958
1062.4972078335286
810.9807882773877
1004.6913166898489
1220.7397579085828
1403.0522338473797
1409.1495583987237
1398.1198687672616
1513.3711072146893
1480.824556965828
1557.9467923796176
1496.621444835663
1510.3923795175551
1477.0006075537206
1432.227680438757
1475.6192303311825
1401.2714910781383
1463.2230012524128
1580.4562996304035
1432.2050787341595
1576.3514223909378
1476.800408796072
1239.6015309929849
1493.4140718448161
1577.2083941352366
1653.5381764757633
1410.5676213133336
1566.909480265379
1602.7436352753639
1493.631344319582
1492.0279048365355
1147.2185394102335
1617.8071841090918
1535.292316533327
1312.5129885911942
1266.9962176543474
1253.3462540954351
1491.3484543979168
1332.2902269357444
1531.5931233477593
1569.3138104826212
1314.7777246540784
1379.9954779827594
1400.7864185994863
1468.3595791435241
1504.6160423254967
1344.7602822130918
1490.3587799185514
1194.5257932800055
1393.6870321381093
1483.5990049725772
1349.3500226515532
601.3747994071246
727.126325686574
968.625422025919
1132.3343975061177
1245.464001029134
1482.850464630723
1455.9326936542989
1573.9466464334726
1502.2661032050848
1500.3214255410433
1484.6929980438947
1412.4247732281685
1277.1460031944514
896.7269649419188
1181.4110544770956
1269.507042323947
1187.9744496262074
1264.7820165413618
1334.5302647012472
1233.3462636905908
1287.7200013655424
1237.7693391138316
1220.1192900186777
1389.4237895733118
1475.3368881124259
1345.0631197828054
1343.9456459975243
1414.9165876317024
1313.2635230231285
1431.4142881470918
1406.8452254474164
1261.4403226673603
1250.1580557572843
1381.4292126387359
1088.7840923929214
1368.3317359885573
1340.862769809289
