ppo
15.580986760798842
35.83082389385789
61.925747809726744
128.1182884067297
185.25365157306194
224.5476427102089
287.0586436706781
339.6084573364258
415.8044491541386
569.9606702643633
641.5638590717316
830.9143363136053
1014.4648059666157
916.4778697556258
894.4500150829554
1048.3020267671347
1131.0286147123575
1055.7253579699993
1154.1540289509296
1179.4818104457854
1042.0175383371115
1260.6275829803944
1244.4679408687352
1180.4077299022674
1330.5982987874747
1327.2845117723941
1287.4629096013307
1226.6884449589252
1309.559045330882
1331.216943746805
1215.761982628107
1341.6762936085463
1279.9386893820763
1362.2807861948013
1321.7790456932782
1361.2300158143044
1460.6371141004563
1462.2318935245275
1498.640625911355
1408.7354553383589
1389.0635724979638
1467.6122505450248
1566.1162323462963
1472.3035357046128
1445.4161553639174
1422.8323473024368
1236.3321639382839
1146.8237983226777
1278.81453700612
