ppo
14.366472186113242
26.801880803327077
59.884714258251186
127.10071814924478
201.48493973433972
275.4899968099594
327.4658961856365
369.93056191682814
568.1209564626217
881.6294170963764
906.9804227262736
1172.8956466209888
1138.0531133264303
1156.6902851831912
1154.6599486082791
1178.0541986095905
1285.1981135624646
1196.4203225767612
1310.19142103374
1368.1146747988462
1219.8837497526408
1400.0582230031491
1372.2826990568637
1341.9694489359856
1461.1223061817884
1288.026243111491
1441.8706475615502
1315.950319184065
1150.795583141446
1099.7570579773187
1218.6061187821626
1358.5618596982956
1347.6847173690796
1410.139557156563
1436.676599380374
1485.8228822314738
1276.3037369471788
1415.4624239766597
1371.191978700757
1295.7024591428042
1312.7091557967663
1312.0429559981824
1320.8137262558937
1412.138244498968
1395.1520687448979
1345.1349722182752
1142.6444428461791
1180.715028450489
1062.0424940079452
1128.401319165826
1228.3490593606234
1176.3984478104114
1249.797433387041
1170.5960280865431
1268.5381418168545
1081.3509430366755
1139.3748150265217
1262.745105227828
1351.4877491360903
1321.765690253377
1285.6267168653012
1370.9946935892106
1354.7555524122715
1331.2598002707957
1339.6543356388806
1316.2397886192798
1185.6482084614038
1300.8818834793567
1209.7279645985366
1208.9843809062243
1256.7934569954873
1340.753262066245
1311.4814080560207
1071.8183783972263
1234.1345612680911
1287.4422771966458
1381.0169670873881
1191.348911473751
1175.8775661683082
1358.1154242002965
1283.4390378773212
1390.6171804964542
1259.3218956613541
1121.132111799717
1293.9821721601486
1265.0095963573456
1237.7123391532898
1180.3292046165466
1074.087918100357
971.3517978453636
1041.2019173884391
997.9980493450165
1079.7126188266277
1302.7339351773262
1424.7505022531748
1302.2161606061459
1103.5096501839162
375.33052661776543
497.87903109669685
578.752042979002
639.2553383398056
747.8216799175739
859.558468798995
1170.9693452322483
1194.2534411013125
1038.0537284302711
1099.3702645528317
1112.4977673375606
1343.6635045182704
1249.0218903517723
1295.6715736806393
1105.2453690427542
1141.335568690896
1261.6381086540223
1268.9834008288383
1012.613968296647
1189.629924787879
1286.1266452535988
1238.3968824785948
1161.7371428585052
1158.6693861824274
1113.5709388387204
937.6907402819395
907.3735959362983
1015.2798522883654
1002.055821532011
936.4697439694405
1022.6213573038578
937.8433051657677
850.0895666658878
897.1907674330473
832.1199317830801
763.6512279701233
812.086893439889
787.6292467051744
693.3337805742026
851.4408179235459
759.0440889179706
645.5776196962595
554.12524171412
733.3977425408364
739.5297298520803
732.7430448424816
852.5086504518986
806.4267793273925
897.231763048172
1018.7224339145422
871.8748676377535
891.3574047726393
892.56349807024
1035.2654942822455
1063.2861502909661
997.4064412260055
1073.8058171367645
1004.4847499829531
1063.2733462536335
1039.9994526320695
1126.8495073676108
1091.4762067681552
999.7776425784826
1044.5274565482139
905.7022767439485
548.5893708011508
637.3469761306047
722.9977612322568
822.6748908931017
858.7162536042929
1066.9007165271044
1032.099285015464
925.2766717329621
985.9445009595156
743.2458061224222
820.0934450811147
1131.9534404951335
711.191034668684
912.6658217799663
1162.7921160042285
1226.7993937146664
1298.571350311637
1137.9402235662938
1100.1155560958387
890.1301614189148
795.7672039616108
785.9238471531868
932.0707574510575
1001.5576717621088
839.2540871777186
