ppo
17.426274340703387
28.334405807593722
79.94513401798903
151.6890206054528
206.2563698029518
240.4762800115347
315.49878510713575
350.21662404716017
420.6415652823448
534.0889038336277
593.002725610137
715.6869440531731
924.0491492390632
913.6168029916287
1097.7623779374362
1079.1810364359617
1102.733099657297
1069.0794667959212
1169.791982796192
1251.5738384264707
1337.242693285346
1315.7852483141423
1373.8549189853668
1402.487857617736
1356.241156401038
1486.425273874998
1371.006747955084
1264.5171038115025
1334.1304531145097
1459.9965626400708
1471.0249644732476
1518.474948270321
1361.7375945669412
1386.2068422627449
1330.1474723440408
1394.5524456202984
1512.2205827826263
1345.4501516222954
1525.202154581547
1498.771402786374
1273.4221770197153
1328.4165819108487
1330.5894048720597
1353.6300075024367
1261.6009917426109
1213.4168874621391
1346.8707478791475
1308.6478782457114
829.8078051376343
1213.7361979877949
1397.6150770324468
1191.7484348982573
1231.401740808487
1256.101853722334
1404.4901477777958
1282.4707681900263
1352.6233115899563
1362.6877388632297
1306.3174897193908
1472.1362270063162
1377.130825253725
1408.9323798048497
1517.6630259251594
1535.3521652042866
1451.261395330429
1500.0696704483032
1233.2394143497943
1086.1279488343
1055.2592850363255
1452.6959030020237
1419.8732714831829
1458.8131634998322
1372.9025789999962
1333.1183532571793
1448.4378256833554
1435.528359798193
1500.319935104847
1422.4702482497692
1329.2451322758197
1221.368193653822
1226.192795921564
1238.4146357107163
1370.5696883058547
1339.2244033324719
1382.5530702269077
354.18801370844244
432.55534655570983
1019.08190210253
1142.385827138424
1384.820196940899
1405.160823378563
1045.0244216931983
993.2571768708714
1066.5155012732744
1126.0550721728803
1165.9033355093002
1223.6899789130687
1295.8228307974339
1346.8842804729939
1342.973664638996
1318.574804046154
1213.8291397166251
1291.199441229105
1262.3046813708543
1385.0940034276248
1077.6376428061724
692.3119645380974
503.23590380966664
1003.2610425490141
1233.9859249669314
1365.9147925674915
1411.7309908735751
1296.711797605753
1346.9986669117213
1403.7212107205391
1273.6515230047703
1298.5531942343712
1185.1724526411294
870.3305041837692
1248.9323718819023
1303.6944598132372
1111.3315718483925
1294.4653513604403
1429.1644009363652
1447.7172236794233
1297.326967508793
1280.4407036674022
1401.8335710453987
1371.501766269803
1375.2542568290235
1269.0629006302356
1325.638518651128
1317.9554767924546
1324.3126825767756
1368.6191091841458
1424.3977626252174
1354.5261002594232
1218.3273322230577
1152.3964271867276
807.7894868627191
692.4733875142457
799.0702912565134
777.5233935245872
715.0730594968795
902.8934039121866
1097.6382208287716
1057.2575051605702
1151.0686525785923
1282.3226822698116
1209.3037194027006
1148.7012227243185
918.9292270082235
975.2288281857967
1188.0874807220698
1142.8467744153738
1208.6801337105035
1172.5317427825928
1253.821467103362
1397.4447946590185
1350.2830121722818
1123.1136149178446
1200.914250021577
961.9181743901968
933.5424625515938
936.6415819501876
1071.9518866294623
837.1012136404331
