ppo
15.964624201334226
38.6068071124237
87.23492568643763
140.64952109396458
205.17537060707807
258.81279214024545
306.0966772657633
322.871215056777
370.73872252166274
464.4345225840807
533.2613146543503
705.9579935485125
775.453669796586
786.851495243311
882.3492370826006
1056.44787234962
1150.73837462008
1238.5322689509392
1197.9308735072614
1305.2223521071674
1206.3082296860218
1254.8620992773772
1275.8457069414853
1332.7977943134308
1442.3901035898923
1384.3456554311515
1379.3765219402312
1318.6107667165995
1392.7482296800613
1550.4359696614742
1500.115414529443
1595.8501835793256
1421.3690889060497
1494.467958573103
1517.2099245440959
1500.0446023714542
1506.5550566500426
1518.7988962823154
1531.7432887160778
1458.8706304687262
1444.1164940828085
1554.539426125288
1351.605731123686
1514.6052648091315
1531.6564388942718
1497.7400725066661
1629.1872354388238
1560.2545643043518
1448.3745401334763
1531.4550246429444
1551.6911559832097
1570.3552945518493
1564.293562041521
1528.4318691837789
1579.218976573348
1467.784084970355
1555.2579388332367
1510.2454911863804
1456.2580602324008
1390.8731795787812
1503.151859294772
1531.982145522833
1519.2828152501584
1511.0648078727722
1556.4714435124397
1497.0614521431924
1373.0776338720323
1469.1533735513688
1506.279165354967
1444.483482377529
1258.599084302187
1442.9203618776799
1494.3442529761792
1568.1552959620954
1560.223418111801
1612.7764197409153
1603.9337014877797
1477.798066419363
1461.7416032099725
1390.5565255689621
1385.6713889861107
1403.345969721079
1465.565673879385
1521.9650907075404
1656.2632639610767
1539.7123351943492
1506.074853514433
1648.1392369627952
1533.2569121372699
1435.7912827587127
1417.2239424967765
1409.023000549078
1500.7370529329776
1589.1519439554215
1499.3494136536121
1500.6557516515254
1615.210853728056
1486.87077855587
1548.9591177332402
1558.859115269184
1455.7430372202396
1560.6733119213582
1449.5124806427955
1472.3541711330413
1407.7758968663215
1327.5087325179577
1462.6089882421493
1375.4507330322265
1440.0600583708285
1401.744359461069
1269.833485081196
1170.9586930060386
1281.3965626335143
1262.2771454441547
1352.8686852354115
