ppo
21.856725985556842
24.322709296271206
19.429446070082484
14.152369803003968
13.481241610075813
8.537701608240605
8.079407495027407
15.714258186891675
11.268767920136451
12.51617576717399
18.998546123690904
36.761390403984116
44.01507165171206
22.47441375553608
24.146911553293467
23.28369646649808
39.0265953026712
19.605861624795942
70.16884497944265
35.73316938057542
67.60019119605423
60.806561683118346
57.254296033643186
68.37955103516579
95.59928359985352
69.42512335032225
76.32706324756145
80.5735525123775
122.64815822839736
128.1018618196249
170.10420379042625
127.52738494277
186.6722635447979
151.91879524588586
135.37412030696868
138.38873624801636
183.35190977454187
187.03017984628679
166.88927632570267
158.57330657839776
167.4166061401367
193.9183313369751
190.2699634194374
216.34552078247071
199.18692043423653
233.34958750009537
239.60753365755082
208.47213066220283
247.58835951685904
237.9515221655369
236.56020970344542
263.42636380791663
296.0147876918316
310.28420345783235
276.2444241940975
309.26873325109483
294.6355193376541
310.46486688256266
334.436138266325
337.29160349965093
414.54241960048677
382.38281856775285
328.60146592259406
357.74487590789795
378.59340263009074
358.0828789293766
376.00973784923553
454.60127515792846
348.6138970911503
402.42097116708754
383.7382030725479
470.12340570092204
390.93380717635154
455.5872194826603
448.87113097906115
388.0160144865513
390.84973014593123
528.6068654894829
475.2153979241848
548.5380692780018
422.1903627276421
572.3073084533214
508.7538119971752
504.31784854531287
568.1044138967991
593.1130078434944
516.69132630229
487.2266593337059
509.12319322824476
490.6527019917965
443.9812489688396
538.7571634352207
549.4661539375782
502.3840550839901
462.0858189344406
495.00045572519304
532.6482239961624
547.6411562621594
416.2017610192299
535.5362684428692
523.5643117427826
616.2079201698303
594.1333749413491
715.6623259663581
610.1138777852059
619.1494979858398
575.0509345769882
666.1471467256546
557.5558083295822
734.2767922282219
746.0421718537807
755.9536352276803
734.0096552491189
641.3675476968289
655.6649077415466
879.8696160495281
1066.3620423436164
848.0506974041461
991.0887199163437
976.6526466548443
1029.0589567422867
1062.6444483935834
1072.134043252468
1058.8852997183799
1103.879057121277
1036.5762008607387
927.2725119113923
1116.2316052556039
957.4499924302102
811.888897895813
873.7873721659183
904.8138488650322
922.0039133250714
1243.0997903525829
1172.9716690182686
926.7972631037235
1001.7122475683689
1190.6348880946637
1083.3215466856957
1093.3082729637622
1145.226238554716
1106.8448993682862
1253.464233916998
1113.7727730989457
1182.030942362547
1287.663588398695
1171.3851198852062
1251.6437301456929
1141.1471880435943
1275.703913986683
1411.0455271482467
1268.397952669859
1228.11152946949
1070.9320123612881
1053.191072142124
1087.77904997468
944.2743400871753
1004.9047884225845
1125.1627751946448
1266.4502131283284
1339.7341372311116
1442.5636388778687
1263.1771851181984
1278.5676222980023
981.2907174766063
984.8700822234154
1215.4579101502895
1158.162087762356
1118.2401086211205
1605.6001998245715
1071.6695631980897
1381.314015698433
1424.8050982654095
1316.229303354025
1583.698434305191
1213.3860158920288
1206.2975717186928
1500.0129817605018
1498.654444628954
1213.049469792843
1393.5076393008233
1186.3849838256835
1431.6438998103142
1365.923624664545
1396.0551923036576
1094.916156053543
1164.6565578639506
1162.085155081749
1152.2319015443325
1262.319309413433
1367.1618409216403
1043.3953485488892
1317.1073317170144
1263.73090711236
1315.746553647518
1301.4764350056648
1269.3940740585326
1380.6218868136407
1273.4368151366712
1298.7726995825767
1060.1652522683144
1124.1026088893414
1096.3986965894699
1373.0578090906142
1380.9386309802533
1142.2918343007564
1027.6019921600819
1228.2129849612713
1128.8093835532666
1216.9947451353073
1344.2744519531727
1275.0893867373466
1461.5035090088845
1381.9504338622094
1270.1613132238388
1207.719538986683
1281.748596918583
1423.3547075629235
1628.5734589874744
1511.1952199339867
1358.7601288676262
1350.3641647458076
1490.5049630343915
1538.0195527672768
1413.4269129693507
1378.3504612267018
1301.8161863267421
1531.6010059416294
1565.7212354540825
1477.9210619449616
1535.9195756673812
1160.6631679713726
1413.3708702266217
1506.6952391326427
1670.7680621504783
1690.0693500697612
1343.7767398416995
1543.8828935742379
1505.5524318754674
1307.9373180031776
1334.7229189634322
1573.9468890309333
1704.2878943681717
1388.5769190192223
1595.4682929992675
1297.4356898546218
1485.0277569174766
1504.1252490699292
1702.635263121128
1583.4309314131738
1413.3568801641463
1492.6072614967823
1390.1708829283714
1532.4146399855613
1439.6303723692895
1576.9032311320304
1622.5447788774968
1503.087835997343
1238.1446646630764
1298.2027520775796
1338.21047514081
1316.412006753683
1371.1874767184258
1745.1838597238063
1459.7322038829327
1467.245350331068
1505.4344290494919
1099.6368536114692
1380.9326076924801
1361.8888498067856
1475.8413063824178
1374.4902050733567
1344.6752650380135
1386.7101644158363
1418.6588971555234
1384.0323847770692
1299.5307036459446
1517.3012380301952
1509.032360982895
1589.7722284555434
1695.0216215014457
1277.9798809409142
1395.9950322449208
1059.367329978943
1202.7911598324777
1652.6505030035974
1464.686310338974
1604.9122429072856
1753.8930677771568
1407.9716076016425
957.8023878574371
1231.2638341784477
1421.3444753587246
1090.5144745647908
1378.3334719598292
1376.3907513558866
1455.7551528930665
1599.9336733698844
1612.8869126319885
1630.2099751114845
1393.6978149831295
1333.440941721201
1644.968042230606
1445.6472160935402
1739.4234863102436
1584.631685090065
1506.7857167959214
1679.6292489349842
1609.796912330389
1439.1802299022675
1328.6928805351258
1537.5160290062427
1584.6939268827439
1702.5476954638957
1364.9975066184998
1458.7532119214534
1595.558389800787
1461.436254888773
1764.8901999413968
1069.3663960576057
946.7748952865601
1371.1146958649158
1580.2164345383644
1508.0648236513139
1530.5040146410465
1462.1747626543045
1553.8045026540756
1604.4664974033833
1536.0062775075435
1484.926193153858
1633.420391947031
1431.422853142023
1244.8942467868328
1666.813021749258
1577.6133553147315
1493.749931937456
1415.9095036268234
1351.5581263959407
1512.0983590006829
1639.4900472581387
1446.0829864025116
1763.7472442507744
1476.9955028295517
1430.8306676387788
1421.5884952008723
1464.5026322484016
1413.7894887566567
1528.252557706833
1444.8376805305481
1532.4641317605972
1570.6538400232791
1695.3157605528831
1464.5271998167038
1548.2307308137417
1553.8518183767796
1580.4002894520759
1721.8639466404916
1742.2620851397514
1468.1416359841824
1555.7305275678634
1676.2615936398506
1738.4996708869935
1137.0889878809453
1637.2923713505268
1631.792365294695
1631.3172220528127
1686.4683435857296
1747.2194584846497
1769.2398366391658
1743.1338174700736
1437.1929737389087
1238.982205170393
1333.9551469683647
1600.076327931881
1494.6034218013288
1373.9514599502086
1601.4435936570167
1669.5360682368278
1610.3932290017606
1702.9528741240501
1553.79641122818
1545.886386579275
1614.954472607374
1545.0076463639737
1618.8057056725024
1628.3679883956909
1705.9880339264869
1533.4662876069547
1699.0172001957894
1735.6301411449908
1654.7175615429878
1574.908075362444
1631.6299449622632
1758.218834388256
1645.7101011753082
1620.9145543813706
1613.5096549332143
1754.4803955554962
1770.1487938284874
1672.2237451732158
1719.3140906333924
1728.4949278950692
1634.0458548486233
1436.3785014986993
1546.1256286263465
1596.8747348189354
1835.1643042862415
1735.2252715587615
1800.1497662723064
1780.7603209733963
1684.9916292130947
1679.6011818289758
1660.570711117983
1564.0282570362092
1550.101983553171
1697.1060516297816
1688.9784191012382
1771.1990940451622
1592.3851953029632
1563.5463106274606
1545.345314013958
1613.8029346644878
1761.0841545820235
1213.0072413802147
1509.4922211885453
1403.8969012856483
1715.546718132496
1467.276265513897
1746.0797209382058
1730.3475328564643
1804.3471505522728
1677.8038776278495
1668.93087708354
1702.3581275820732
1780.4883020460607
1628.734931254387
1695.9786471664906
1688.1528230965137
1256.0717541754245
1435.2577828526496
1157.6223278820514
1552.3069968402385
1651.4919348597527
1772.6585496425628
1717.4099258065223
1744.5792246460915
1638.7345858991146
1759.1868839800359
1688.3826682507993
1686.2088835656643
1457.1085546672343
1582.7457929491998
1588.311271750927
1419.1958248257638
1605.0885346293448
1476.6026453375816
1563.1870829761028
1513.9373395442963
1542.932797163725
1061.306203073263
1225.151657062769
1170.0609005987644
1443.4163292229175
1374.286673605442
1406.3152411997319
1607.6903682649136
1117.3960807979106
1101.1714580714702
1276.583659541607
1191.4494771420955
1702.5435376822948
1449.9533997774124
1270.4137598633765
1581.9359782874585
1179.1715755820273
1511.2316361427306
1076.4612255096436
1380.4561962783337
1407.6992332696914
1264.826054251194
1342.6244672000407
1625.5967118680478
1492.3524169683456
1636.7909775078297
1564.1772546648979
1580.5519759595395
1522.1163294911385
1566.9643130481243
1165.404747223854
1646.2638448297978
1650.7731569111347
1693.738893711567
1701.696874332428
1697.9146711409091
1729.852625197172
1697.8714151859283
1681.3737176895143
1473.5793658435346
1721.9996610641479
1567.841498875618
1476.5648247539998
1436.690240240097
1482.1103337168693
1449.048284560442
1440.699407494068
1556.1195768475532
1766.2750927329064
1555.3302360773087
1650.1949282586575
1736.2866155982017
1241.207022446394
1458.3957784295083
1492.1002675235272
1538.0296380221844
1673.8801016569137
1585.0981613755225
1684.8915000975132
1754.2345146656037
1167.1135371148587
1648.299229079485
1687.8578405201436
1680.0398823976516
1457.8419035434722
1565.2727144300939
1697.2576948225499
1654.5709408283233
1697.809432053566
1599.1675347805024
1646.0010474443436
1373.8707920968532
1479.919585210085
1415.8172735869884
1515.0410284340383
1572.791119837761
1458.0449066221713
1619.9845846533776
1388.500106316805
1613.492698097229
1525.994353723526
1755.1956491053104
1437.2153072476387
1525.839558827877
1713.6075185835361
1747.5372403800488
1536.5704370856286
1674.891013342142
1283.4192518293858
1527.4635531246663
1413.9177113592625
1431.1794461131096
1558.197038567066
1502.532452750206
1653.3768204391004
1465.857377153635
1562.207776504755
1217.505486524105
1430.0455476880074
1202.2311058700084
1581.81502815485
1049.040672814846
1431.750942057371
1029.5202497124671
1024.3890223801136
1018.7365639925004
1030.8034120380878
1053.4383941531182
972.0511820316315
1082.3428317189216
1140.9632643699647
1384.9085961699486
1777.4954253613948
1689.0610667169094
1676.9339464247228
1744.902933138609
1515.359111559391
1574.9703916192054
1628.5353460252286
1783.5918285667897
1750.696111881733
1626.3265176415443
1567.5861104249955
1473.671982985735
1590.7140634059906
1480.5275177598
1586.9756574571134
1666.3430493712426
1728.5137358844281
1493.898673593998
1509.2894514739514
1660.8317658305168
1585.6767682909965
1699.93083897233
1574.273877364397
1761.337950783968
1672.5829911410808
1749.341732418537
1671.3585784077645
1707.998913872242
1657.770299655199
1556.391760480404
1638.5021644890307
1573.1742771744728
1726.0454969882965
1572.817966234684
1335.6757970094682
1163.4284083902835
1440.8915173947812
1444.9292190015317
1324.9420525431633
1162.5928810536861
1593.3495405972003
1347.6323763489722
1475.2289597153663
1498.4878022611142
1526.8544951915742
1758.3925778448581
1673.1250034987927
1708.7847374439239
1411.129466444254
1771.0539803028107
1489.9025028169156
1074.774192816019
1337.6960969209672
1485.6412024259566
1490.5468747138978
1462.8972634851932
1400.7176950752735
1634.2451736867429
1712.8873034477233
1701.8455501794815
1684.297044301033
1670.6008729040623
1716.4534267783165
1602.1621559917926
1684.1763507485389
1644.288085782528
1628.6007491350174
1559.4258713185786
1806.2360240757466
1606.5440399348736
1469.4877865433693
1367.9521021604537
1517.5319182813168
1612.417817991972
1586.0819867432117
1477.50800229311
1621.4412547707557
1367.13522772789
1420.1499589145183
1259.3555019676685
1546.4592934429645
1441.3653153777122
1283.034060305357
1510.3236017644406
1547.9467279613018
1362.8819593906403
1536.7234945118428
1662.3167970299721
1438.44195805192
1404.379956048727
1519.6373709619045
1612.0677420914174
1628.9984221696855
1600.3004340469838
1459.1256368756294
1273.1440617799758
1527.4922877371312
1427.1005233049393
1214.9544148921966
1396.7565894067288
1482.5332425236702
1307.2224719166757
1211.4413013219832
1298.2589811384678
1296.5177896857263
1420.517983675003
1490.8303161859512
1664.9415442943573
1671.230488216877
1748.3732169389725
1752.6305487334728
1456.170678770542
1538.7430426418782
1573.1874800920486
1518.0132703125478
1670.987577956915
1585.4805079460143
1641.11438485384
1517.1693003296853
1595.8272366702556
1334.8329047858715
1401.165697878599
1281.5396028637886
1398.018568390608
1596.9651218235492
1648.6814731836319
1630.652375715971
1677.3887700736523
1425.589074832201
1691.2955364346503
1680.3128430187703
1464.0592347621919
1597.5694420099258
1639.5423229336739
1593.0061019599439
1772.9917548298836
1418.2807069420815
1544.5293710589408
1470.2387149333954
1556.005255240202
1590.7548159837722
1632.030366718769
1599.2649398088456
1681.358040934801
1711.0561767935753
1531.989634603262
1607.5202796041965
1453.2158817648888
1442.001827764511
1428.8880009174347
1447.8202226281167
1375.367180019617
1510.4166802227496
1583.1356349050998
1495.4652389526368
1603.6999212563037
1779.6523879408837
1394.2838852882385
1037.9951609790326
1317.0952342867852
1651.8273409426213
1398.710971993208
1582.4678634643556
1581.8600398182869
1589.838333719969
1414.8623868227005
1318.0927762150764
1491.8879709541798
1555.7811974287033
1410.5878688156604
1507.8009064793587
1324.284727013111
1507.9961496114731
1394.0639272809028
1465.2569150984286
1306.4522310316563
1212.5518236219882
1668.716490882635
1612.6418532967568
1510.2708076238632
1626.2566787064075
1578.7639202415944
1469.2803474605084
1655.9382165729999
1576.9225931823253
1677.5461553156376
1533.3214105963707
1652.176702260971
1679.60289568305
1577.3182398498059
1430.6979607760907
1485.0902201354504
1276.5279967188835
1382.6044836521148
1540.131980419159
1641.5319259166718
1441.9046055674553
1426.434679234028
1528.4500317394734
1519.2743025898933
1285.3473289847375
1718.7854443013669
1249.0083125054837
1572.065400648117
1482.0143603742122
1383.155119919777
1592.9608733296395
1550.9942596316337
1396.325044363737
1417.3427851617337
1744.3511448144914
1469.352950966358
863.213315296173
1656.574215978384
1386.3113945782184
1666.8164411246776
1297.3692728042602
1351.8766361534595
1293.487882322073
1445.460335367918
1407.0760052382946
1403.1439866006374
1227.7053721487523
1505.251957988739
1557.2882542729378
1356.7526760756969
1636.0452160835266
1690.786044472456
1564.0051052093506
1728.0515862882137
1599.8120637595653
1441.4429141938685
1323.890373557806
1482.4195602118969
1592.4364000618457
1483.496094852686
1323.6470961034297
1632.4287809848786
1497.1056699991227
1359.7592707812787
1610.777900224924
1623.3703546345234
1445.6760461628437
1413.231492370367
1496.3155221521854
1435.106655830145
1434.7070582270621
1452.6441584825516
1566.818998336792
1731.2876584231853
1371.2067906439304
1370.5594449043274
1285.7892216563225
1463.2523412883281
1078.0383481144904
1294.468883049488
1582.6374903440476
1581.8052067756653
1503.9117148399353
1246.3072046577931
1360.0090350806713
1379.919595950842
1604.6374896645546
1470.8973041534423
1272.1631416499615
1249.8443905353547
1349.7419801712035
1431.8336418926715
1403.5843596160412
1585.5361246049404
1556.0670139074325
1391.1254372119904
1510.2686400711536
1398.948113131523
1472.477694517374
1488.210029643774
1212.913925522566
1191.0494493484498
1459.1315120756626
1089.4461571276188
1206.850404191017
1315.669894039631
1331.9112274467946
1521.8932774722575
1352.448144441843
1068.342845058441
971.4353771150112
834.7438748240471
1132.1173248231412
939.8262474477291
1061.4502040982247
1205.7237380683423
1299.161850619316
1270.4155227303504
1337.5465070605278
1009.7489167392254
1166.7647570014
1349.522958290577
1356.0253089785576
1520.9246618270874
1613.3703348755837
1082.3892236471177
1216.7940232992173
1141.9723700881004
1408.5491337537765
1257.1460291683675
1282.742203962803
1540.8613010048866
1175.7539242506027
1687.8319905877113
1395.9580253124236
1740.055156761408
1651.8130626380444
1615.029322129488
1510.872381645441
1411.2478311777115
1340.0587878286838
1357.6488369107246
1403.4778094232083
1437.0596779584885
1489.2093547701836
1531.4920475006104
1403.2238245725632
1320.7091579914093
1503.8139783382417
1702.977484369278
1562.7097727417945
1154.5787150859833
1123.9620338618756
1129.8499135136603
1135.7651149451733
1491.0398698806762
1470.3201685130596
1512.6116067945957
1449.4429207623004
1249.8698279678822
1135.1627187430859
1519.114339184761
1670.7852898657322
1360.100010687113
1358.6906495571136
1560.6566605389119
1675.4707622468472
1476.0957587182522
1302.8351737082005
1392.1997888565063
1343.7785299420357
1462.0103792846203
1625.2864558815957
1649.0352165400982
1487.9283534646033
1421.003912562132
1299.8425223946572
1475.896332615614
1494.3915487647057
1518.6322781801223
1695.3405019581319
1498.4803795099258
1563.548203009367
1465.714324527979
1495.9380755603313
1624.8920188486577
1688.963011944294
1405.088840585947
1237.9641219735145
1439.8288077056409
1713.8565293371678
1725.5776096820832
1718.688110113144
1721.2003937661648
1628.8903225064278
1652.5265547692775
1728.5328355550766
1507.4493228852748
1643.4229056417942
1622.7301378667355
1380.4852187514305
1492.2180743038655
1585.7241455614567
1621.6221840500832
1591.7617481410502
1738.976249051094
1616.298268175125
1444.3394269287587
1435.8487519562245
1325.385941952467
1502.6718559026717
1673.6125589430333
1716.1143461763859
1441.6699877560138
1353.41944193244
1460.7180314004422
1537.1268661618233
1713.474131155014
1727.4274775147437
1643.4388128399848
1688.7830117821693
1667.1149299681188
1700.6099593698978
1704.0843646109104
1211.3100813508033
1201.9774221122266
1156.8689232051372
1443.4729324400425
1586.730493402481
1628.4369057416916
769.5132922828197
827.8856981277465
854.4734680533409
769.9149836540222
932.613246679306
888.2197268009186
1206.4274660348892
1221.3236596882343
1080.4625610291957
1012.3100232839585
1064.4965938687324
1446.8771578907968
1459.905572849512
1481.3314881801605
1648.779889601469
1710.2867766797542
1439.9817749738693
1648.580509465933
1658.976018577814
1378.317853999138
1402.5829993546008
1152.9955074608326
1316.7278699100018
1363.2120960354805
1473.4500494778156
1677.3996022045612
1719.1589208483697
1621.4731392264366
1736.4881177186967
1606.60860003829
1694.3796023905277
1680.2725327670573
1716.8084456920624
1565.9386713683605
1535.9703075945376
1630.360968708992
1758.7992007493972
1586.7341252744197
1696.5865761697291
1656.193524670601
1693.3672908842564
1399.7771716654302
1714.6488156020641
1341.6070020675659
1502.379150366783
1299.2563674271107
1599.4649931430818
1476.8395883023738
1614.6764857530593
1794.7733202278614
1525.422258669138
1575.679165661335
1544.161406904459
1604.2488641619682
1494.599994313717
1582.909550958872
1624.9020657360554
1421.3540243089199
1431.3549464821815
1488.1607056200505
1575.3190621197223
1617.61115629673
1552.0536398768425
1173.8298274636268
1396.3629428505897
1699.7211947083474
1202.7608279407025
1431.0905254125596
1407.1745212137698
1453.8782862842083
1345.5638149678707
1246.22741638422
1185.8679246068
1570.9723761677742
1597.7265877783298
1501.324364155531
1530.5241292774676
1439.3028544962406
1487.7298738896848
1263.6687209904194
1592.8329260110854
1539.806708073616
1452.2905232787132
1353.8367385625838
1189.1742501974106
1249.5208576798439
1464.2986478328705
1289.4085930168628
1397.8447213351726
1402.9061405420302
1463.3833525538444
1316.0882126927377
1542.4958368241787
1349.1416473507882
1397.4987668454646
1220.633516061306
1361.4298869431018
1550.6236746251584
1501.1268072605133
1562.1669142365456
1391.9646001696588
1407.0724847197532
1482.9909668684006
1559.3769828915597
1658.907823163271
1488.903270637989
1219.1002740323543
1618.169925826788
1672.3385035037995
1301.0653843283653
1526.6415763556956
1535.0262599050998
1696.672252780199
1379.690060174465
1423.619670945406
1369.1511491119861
1354.6243297576905
1644.43625035882
1627.7899806499481
1344.158549785614
1445.9890738844872
1551.3242125928402
1465.5008590877055
1519.4487489044666
1496.6366379499436
1480.3013174295425
1536.6737321138382
1557.803162562847
1493.727980452776
1395.0330735564232
1489.3275628209115
1479.1049198150636
1545.2247052907944
1345.7772116303445
1367.6184708952903
1467.98361890316
1379.091474688053
1167.8140598297118
1434.4301349639893
1244.94701974988
1237.9626660406589
1296.1556895434856
1260.1605220258236
1080.2221783518792
1340.8336235821248
1380.0405090987683
1656.9317276358604
1258.2702134728431
1353.5498131752015
1590.1676213860512
1439.134460490942
1615.8717013418675
1531.004468113184
1357.4557661612828
