ppo
15.469208428305574
35.17069512888091
76.10305515030399
143.74916224598886
230.14402885615826
286.8717001968622
484.1026019400358
860.3793152135611
932.8689369475842
1017.0375619518757
1116.6382635009288
1122.2349850416183
1145.384833011031
1221.58105889678
1331.6105219560861
1362.3891962504388
1338.9781857401133
1237.2446426200868
1308.9738242948056
1376.10802251935
1421.1453042757512
1429.07257558465
1290.4876303011179
1281.9725406306982
1424.5068656301498
1072.5235288059712
837.5182773405313
1104.5401465153693
1193.4002687877417
1205.2522462534905
1120.113113833666
1325.5246873623132
1279.928437731862
607.8767264252901
861.7578710776568
1055.9760060596466
1132.7376041316986
1302.4523246616125
1332.7785608434676
1419.0575920045376
1197.3813877373934
1246.5493482905626
1231.1193934708833
1224.6649999833107
1292.892523162961
1397.4779699265957
1425.630417739153
419.6312467855215
796.5063838398456
1296.3107031649351
1289.0090358912944
1054.1402380353213
1172.2645085883141
1069.989424673915
1310.5381205701829
1298.070622446537
1137.7148988676072
1297.6358528476953
1340.350021096468
1426.1802202248573
1277.7732775563002
1341.2439422613381
1253.937111902833
1123.8666174316406
998.3866857528686
1078.7993595790863
1202.1430267935991
1025.881455590725
1028.8631120973826
1169.8305307424068
1251.6812197637557
1314.389829644561
1184.2877424895764
1148.914752047062
1124.1340742897987
1266.2430806159973
1361.2563698965312
1277.1553520834445
1251.6151479941607
1151.4516827493906
1132.6549021959304
988.4030700868368
995.8301146036387
1016.4100542098283
1123.6444912332297
1053.2096765518188
1086.7466571897269
1076.122127814293
1089.9472887307406
1160.0738811641932
1126.1010090583563
1200.751190583706
984.5239829903841
1003.08004565835
1037.413691560626
849.6432579952478
872.0851280021667
725.6175413495303
987.4083981013298
1078.174004598856
929.3354165816307
1014.3084613168239
1029.3222059845925
1009.3924835026264
919.6464794719219
916.0268316167593
860.5647695821524
925.6444172978402
967.9358759129047
1107.7547593462468
1257.1215794563293
1289.8279785197974
1179.4643668043614
842.1444101977348
632.66927108109
523.7385511165858
519.539798591733
725.0165046697855
976.0181188172102
1163.294993712306
778.6424078834057
253.9598282945156
322.8714249485731
375.4635759615898
480.72257976055147
548.410862402916
600.0193156790733
682.7146199709177
751.457084171176
876.2959128046036
808.5301612609625
956.2159434968233
1064.5478852695226
895.8416879165172
855.4800832074881
880.7449252361059
856.8292704254388
826.8041994220018
983.676416336298
1133.2109269738198
1075.6319015580416
1008.8912080436945
1153.9164023524522
1159.99295981884
1108.2325280320645
1037.7431890243292
1025.1967147880794
1015.56427708745
724.2820315623284
509.35945747971533
630.9698739248514
792.2951717227697
838.7477346467972
895.2531235730648
735.1581719624996
777.0389546728134
880.8719512695075
1037.9674823266269
1087.3049098306894
1182.178872987032
1239.827606769204
697.397537561059
823.5398764640092
1113.9809260833263
1098.4104571044445
751.0221862834692
1013.1238598144055
885.9914545094966
1016.4460711246729
1111.6497374600171
1116.8698699015379
1032.4165486007928
1223.8068424475193
1242.5181079524755
1026.123406356573
1078.552529887557
1216.4721700376272
915.5860642209649
938.8399970155955
909.5469792973995
1045.7078753697872
1045.6497245514392
887.7217833060026
662.1479497049748
832.388822607696
970.531121456027
1145.4407643809914
