ppo
15.516357432297664
37.50345895274775
78.19813102475135
144.84392634555698
197.85557029426099
268.4944676876068
304.43651361823083
384.76934185385704
463.2122122347355
540.3259553605318
654.5848244303465
652.9783401817083
663.1958000957966
760.6913419985772
971.8052896976471
1063.1386415022612
955.5970273208618
1015.0987510150671
1153.8247730624676
1205.9761806499957
1122.5635701948404
1113.2556683564187
1332.2246506255865
1333.0076683849097
1237.6571255940198
1233.7607732284068
1277.546686527729
1376.3873746865988
1458.497060765028
1433.8666841387749
1318.2432130128145
1452.7837611812354
1497.2832527852058
1592.120650653243
1565.092111376524
1495.3125551259518
1430.8171447861196
1415.702409414649
1374.5265893363953
1454.1105304569005
1561.7858425414563
1593.8075115859508
1528.1401276302338
1492.513232358694
1556.37013936162
1529.5332713347673
1437.9887592053412
1432.4015386801957
1552.9788937711717
1424.347940530777
1359.9341146975755
1242.5684443110229
1467.2325973302127
1401.5905020737648
1107.345186548233
1475.8406940561533
1401.8697713023423
1253.9890170162917
1298.3785607123375
1356.368205821514
1499.1748884159326
1346.1881590360404
1262.9147255301475
1223.2298032408953
1370.5304791599513
1393.655077780485
1139.772340464592
1262.4723714518548
1393.2080606210232
1365.643059077263
1344.122985699773
1367.2120384126902
1458.2426553112268
1341.0636111402512
1281.1430119735003
1250.056121702194
1287.162784191966
1233.6800588297845
1240.7690652620793
1146.0815023696423
1389.4201403576135
1311.0425357455015
1443.244197421074
1228.2723805993796
1257.3069456219673
1155.8462176948785
1250.6320031404496
1178.8326686233281
1097.5543938285111
1142.3300858926773
1179.6631145989895
1250.1221065706015
1143.1386155599355
1257.775926476717
1189.1312921917438
1264.5715659052134
1350.3441606003046
1237.213586627245
1260.6898455673456
1300.5014937949181
1268.9829212731122
1367.3128169578313
1514.9041963285208
1555.8148038065433
1468.6901740437745
1416.7834271484614
1247.3024064952135
1296.848769183755
1378.451166869402
1467.6534436613322
1312.166542171836
1415.0093968987464
1456.8561914920806
1384.358723424077
1447.918471572399
1338.0282796609401
1421.3259310460091
1417.4651262152195
1323.156758633256
1314.6598932015895
1302.6174842488765
1414.3141821044683
1277.5031002593041
1278.0974153268337
1160.2595900416375
1241.16642462492
1276.373668319583
1459.2146494661058
