ppo
17.647601376418024
25.20565750028356
69.41857782666571
106.0365523606958
176.55519386604428
200.11652355015278
213.16014861404895
241.60992893278598
305.37344372451304
355.62946389496324
400.57787979125976
504.95697229504583
530.7782930392027
689.6238260376454
658.5556476557255
672.4327016872168
723.8673037552834
847.6813571947813
899.4896061986685
1010.718701545
997.9401758092641
1004.5374944198131
1033.6291816836595
1069.1618978136778
1150.1032371842862
1181.1724798041582
1284.105689765811
1135.5817692536116
1168.1241223055124
1008.7507241761684
1030.3485739511252
1041.565721550584
1001.377788168192
1169.024650578499
1302.845089495778
1005.2268452239036
1273.4680159449576
1234.6709974968433
1325.6611344844102
1328.266733071804
1234.7310296404362
1385.9435311555862
1245.7384809190035
1295.4582027894257
1150.092301198244
1003.2073249381781
750.2139915549756
1122.6166935563087
1260.6095990967751
1345.554252793193
1407.968205897808
1334.5932715517283
400.3831208562851
437.80243727326393
689.1005527883768
814.199773491621
1001.8962328743935
1171.5776564055682
1273.303845347166
1371.2592422038317
1340.1604185783863
1318.3015579247474
1348.1871347749234
1273.6353772187233
1118.1116316914558
1372.1057352936268
1177.6469500279427
1001.3305628520251
1223.9092041230201
1155.8840862822533
1072.3436392635108
1300.3795505839587
1147.6851778000594
1175.7735527426005
1329.5142192476987
1371.061687258482
1414.7285667693616
1234.4015443772078
1256.3231037139892
1233.5452012050152
1411.9509468889237
1305.549233776331
1209.4543892765046
1206.7323953306675
829.2785998290777
1076.0405120265484
1188.5325235533714
1236.4420478975774
1328.1138907849788
1340.7238026165962
1160.5886443924903
1433.1683249998093
1434.2855984890462
1385.5748034119606
1310.3891585087777
1240.7525153255463
1281.264375626445
1380.3145402824878
1322.5610270690918
1456.5026155668497
1334.2183242702483
1169.5853423285484
1317.7269209945202
227.2655457317829
182.54583382308482
236.5377926427126
391.64564027249816
486.5042952746153
715.6009018298984
1008.9640848666429
1213.7258935958148
1170.0400235128402
1287.1088328826427
1197.5887815845012
1243.8041443961858
1179.797763493061
773.0992845159769
1332.2379216462373
1371.6767959940435
1327.8748408454658
1404.617269115448
1379.3393526905775
1388.9764964711667
1376.1555198091269
1285.7010541951656
1241.8339536499977
1298.1251023763418
1369.922441920638
1294.704702052474
1267.9273663544654
1033.8758059811591
1204.6501114803552
1126.8989415347576
1227.5568486958741
1276.5230049854517
1154.802839896679
1380.1153748255967
1168.338778128028
1149.6889128267765
1261.1161901855469
1313.257017839551
1450.929020061493
1270.7890662002565
1368.1398059821129
1223.1020144724846
1231.0955543547868
1422.1876239401101
1249.5641356378794
1192.5896889472008
917.6798598402738
857.6318448662757
1143.4246188253164
1089.060655363798
1106.149681237936
1184.9607378470898
1111.7731164509057
1187.3280507838726
1247.5512745302915
1110.8694473481178
776.2055775374174
1003.1872927558422
1103.871521447897
1233.3506723487378
1334.7811298763752
1333.2440598738194
1292.006636223197
851.5763816571235
1038.4334151518344
577.3747198760509
977.808726503849
908.9474131691455
1103.2766493803263
1111.6906017804147
1179.9406605553627
1297.5607279616595
1129.4729076099395
1355.312297678355
